Czas operacji[ms]	Rozmiar	Wartosc minimalna	 Wartosc maksymalna
0.2528			0			0			1000
0.0163			0			0			1000
0.0152			0			0			1000
0.0151			0			0			1000
0.0152			0			0			1000
0.0152			0			0			1000
0.0152			0			0			1000
0.0151			0			0			1000
0.0153			0			0			1000
0.0151			0			0			1000
0.0154			0			0			1000
0.0151			0			0			1000
0.015			0			0			1000
0.0153			0			0			1000
0.0152			0			0			1000
0.0152			0			0			1000
0.0152			0			0			1000
0.0153			0			0			1000
0.0151			0			0			1000
0.0152			0			0			1000
0.0153			0			0			1000
0.0152			0			0			1000
0.0152			0			0			1000
0.0152			0			0			1000
0.0153			0			0			1000
0.0151			0			0			1000
0.0153			0			0			1000
0.0151			0			0			1000
0.0152			0			0			1000
0.0167			0			0			1000
0.0152			0			0			1000
0.0153			0			0			1000
0.0151			0			0			1000
0.0151			0			0			1000
0.015			0			0			1000
0.015			0			0			1000
0.0151			0			0			1000
0.015			0			0			1000
0.0151			0			0			1000
0.0149			0			0			1000
0.0151			0			0			1000
0.015			0			0			1000
0.015			0			0			1000
0.0169			0			0			1000
0.0149			0			0			1000
0.0151			0			0			1000
0.0149			0			0			1000
0.0151			0			0			1000
0.0151			0			0			1000
0.0149			0			0			1000
0.015			0			0			1000
0.0148			0			0			1000
0.0152			0			0			1000
0.0149			0			0			1000
0.0151			0			0			1000
0.015			0			0			1000
0.0148			0			0			1000
0.0151			0			0			1000
0.015			0			0			1000
0.0151			0			0			1000
0.015			0			0			1000
0.0149			0			0			1000
0.0149			0			0			1000
0.015			0			0			1000
0.015			0			0			1000
0.015			0			0			1000
0.0152			0			0			1000
0.015			0			0			1000
0.015			0			0			1000
0.0149			0			0			1000
0.0151			0			0			1000
0.0151			0			0			1000
0.0149			0			0			1000
0.0151			0			0			1000
0.015			0			0			1000
0.0151			0			0			1000
0.0149			0			0			1000
0.015			0			0			1000
0.015			0			0			1000
0.015			0			0			1000
0.0151			0			0			1000
0.015			0			0			1000
0.0152			0			0			1000
0.0149			0			0			1000
0.0152			0			0			1000
0.0149			0			0			1000
0.0149			0			0			1000
0.0149			0			0			1000
0.0149			0			0			1000
0.0151			0			0			1000
0.0148			0			0			1000
0.0151			0			0			1000
0.015			0			0			1000
0.0153			0			0			1000
0.0149			0			0			1000
0.0151			0			0			1000
0.0151			0			0			1000
0.0151			0			0			1000
0.0152			0			0			1000
0.0151			0			0			1000
