Czas operacji[ms]	Rozmiar	Wartosc minimalna	 Wartosc maksymalna
6.0798			32000			0			1
6.0597			32000			0			1
6.8563			32000			0			1
7.0677			32000			0			1
6.0831			32000			0			1
6.1794			32000			0			1
6.2948			32000			0			1
6.2027			32000			0			1
6.2254			32000			0			1
6.1765			32000			0			1
6.1865			32000			0			1
6.1616			32000			0			1
6.1609			32000			0			1
6.1786			32000			0			1
6.1632			32000			0			1
6.173			32000			0			1
6.164			32000			0			1
6.2835			32000			0			1
6.1588			32000			0			1
6.2197			32000			0			1
6.1609			32000			0			1
6.2298			32000			0			1
6.168			32000			0			1
6.1552			32000			0			1
6.2203			32000			0			1
6.1593			32000			0			1
6.3759			32000			0			1
6.2131			32000			0			1
6.2719			32000			0			1
6.1569			32000			0			1
6.1862			32000			0			1
6.3256			32000			0			1
6.1698			32000			0			1
6.1951			32000			0			1
6.1727			32000			0			1
6.2129			32000			0			1
6.1576			32000			0			1
6.2549			32000			0			1
6.1652			32000			0			1
6.213			32000			0			1
6.1488			32000			0			1
6.1636			32000			0			1
6.1495			32000			0			1
6.1843			32000			0			1
6.1502			32000			0			1
6.189			32000			0			1
6.2346			32000			0			1
6.0897			32000			0			1
6.0059			32000			0			1
6.0046			32000			0			1
6.072			32000			0			1
6.0134			32000			0			1
6.0569			32000			0			1
6.0065			32000			0			1
6.0867			32000			0			1
6.0135			32000			0			1
6.1681			32000			0			1
6.0494			32000			0			1
6.0061			32000			0			1
7.5655			32000			0			1
6.3604			32000			0			1
6.2051			32000			0			1
6.1592			32000			0			1
6.2149			32000			0			1
6.1521			32000			0			1
6.1923			32000			0			1
6.2323			32000			0			1
6.2447			32000			0			1
6.1527			32000			0			1
6.188			32000			0			1
6.1557			32000			0			1
6.1541			32000			0			1
6.179			32000			0			1
6.1567			32000			0			1
6.1626			32000			0			1
6.1167			32000			0			1
6.1114			32000			0			1
6.2048			32000			0			1
6.0973			32000			0			1
6.1077			32000			0			1
6.1578			32000			0			1
6.0107			32000			0			1
6.2557			32000			0			1
6.0093			32000			0			1
6.1599			32000			0			1
6.0553			32000			0			1
6.0735			32000			0			1
6.5109			32000			0			1
7.1463			32000			0			1
6.2162			32000			0			1
6.1555			32000			0			1
6.205			32000			0			1
6.159			32000			0			1
6.1921			32000			0			1
6.1579			32000			0			1
6.1855			32000			0			1
6.1866			32000			0			1
6.1798			32000			0			1
6.2456			32000			0			1
6.158			32000			0			1
