Czas operacji[ms]	IndeksRozmiar	Wartosc minimalna	 Wartosc maksymalna
12.6429	25325			32000			0			1
12.0742	8074			32000			0			1
12.0132	23644			32000			0			1
12.5709	6444			32000			0			1
12.1078	31385			32000			0			1
12.7303	24212			32000			0			1
13.0722	16612			32000			0			1
13.0981	28578			32000			0			1
12.5019	4030			32000			0			1
12.6069	29049			32000			0			1
12.2916	13545			32000			0			1
12.7869	15993			32000			0			1
12.8802	31590			32000			0			1
12.3546	30274			32000			0			1
12.256	15220			32000			0			1
12.5052	3511			32000			0			1
12.1706	27287			32000			0			1
12.8419	24311			32000			0			1
12.266	11149			32000			0			1
12.0342	14692			32000			0			1
12.8666	24154			32000			0			1
12.4448	29088			32000			0			1
12.7601	12348			32000			0			1
12.3481	29066			32000			0			1
12.4371	11191			32000			0			1
13.2772	18500			32000			0			1
13.3467	18569			32000			0			1
12.2673	14895			32000			0			1
12.4577	31669			32000			0			1
12.1453	20717			32000			0			1
12.6451	18300			32000			0			1
12.3044	27485			32000			0			1
12.5286	19294			32000			0			1
13.1266	19873			32000			0			1
12.8958	21532			32000			0			1
12.3853	12570			32000			0			1
11.759	27576			32000			0			1
12.2406	21609			32000			0			1
12.8382	26994			32000			0			1
12.3234	2927			32000			0			1
11.7923	460			32000			0			1
12.4923	20301			32000			0			1
12.8112	22150			32000			0			1
13.5067	20067			32000			0			1
13.1911	1698			32000			0			1
12.2517	31828			32000			0			1
12.8103	15968			32000			0			1
12.2829	8704			32000			0			1
12.3724	18242			32000			0			1
12.9057	28040			32000			0			1
12.97	6152			32000			0			1
12.722	588			32000			0			1
12.9543	25779			32000			0			1
12.212	2287			32000			0			1
12.7678	11909			32000			0			1
12.1572	16208			32000			0			1
13.9819	21502			32000			0			1
12.742	2194			32000			0			1
12.9809	8416			32000			0			1
12.1917	32020			32000			0			1
12.2569	24108			32000			0			1
12.6771	31353			32000			0			1
12.5058	25121			32000			0			1
12.7171	13216			32000			0			1
12.6804	8259			32000			0			1
11.7715	16555			32000			0			1
13.0099	14672			32000			0			1
12.2312	12028			32000			0			1
12.87	2891			32000			0			1
12.7075	4402			32000			0			1
12.4955	16757			32000			0			1
13.4256	3887			32000			0			1
12.6921	25678			32000			0			1
11.8374	30228			32000			0			1
12.3146	27031			32000			0			1
12.4727	18498			32000			0			1
12.8017	17490			32000			0			1
12.5707	19802			32000			0			1
12.5794	29888			32000			0			1
12.4589	8765			32000			0			1
11.6077	6241			32000			0			1
13.4024	18700			32000			0			1
12.1729	31222			32000			0			1
12.8613	14632			32000			0			1
12.6553	8577			32000			0			1
12.7337	28466			32000			0			1
13.673	25666			32000			0			1
12.2647	32011			32000			0			1
12.2965	29882			32000			0			1
12.3061	6611			32000			0			1
12.768	29355			32000			0			1
13.0987	12781			32000			0			1
12.5264	31510			32000			0			1
11.9944	30457			32000			0			1
12.8776	14395			32000			0			1
12.2856	28631			32000			0			1
12.3049	29083			32000			0			1
12.6523	2218			32000			0			1
13.273	7160			32000			0			1
12.197	8913			32000			0			1
