3.0218			32000
3.4765			32000
3.5466			32000
3.2844			32000
3.2602			32000
3.7682			32000
3.5331			32000
3.9356			32000
3.6044			32000
3.4681			32000
4.6024			32000
3.9403			32000
3.0527			32000
3.5569			32000
3.496			32000
3.8338			32000
3.8344			32000
3.4704			32000
3.453			32000
3.3407			32000
3.4572			32000
3.5667			32000
3.4842			32000
3.5903			32000
3.3625			32000
3.3825			32000
3.7049			32000
3.5354			32000
3.5239			32000
3.579			32000
3.3477			32000
3.2938			32000
3.4713			32000
3.3417			32000
3.6467			32000
3.8051			32000
3.5091			32000
3.5636			32000
3.4578			32000
3.5392			32000
3.5677			32000
3.2753			32000
3.5117			32000
3.2977			32000
3.5965			32000
3.6266			32000
3.2833			32000
3.5951			32000
3.4028			32000
3.2048			32000
3.4003			32000
3.5615			32000
3.6808			32000
3.4753			32000
3.4432			32000
4.1741			32000
3.7452			32000
3.2016			32000
3.3042			32000
3.5034			32000
3.5298			32000
3.4365			32000
3.5182			32000
3.4415			32000
3.5298			32000
3.3465			32000
3.6607			32000
3.4441			32000
3.3586			32000
3.2847			32000
3.327			32000
3.5956			32000
3.5177			32000
3.4919			32000
3.6306			32000
3.5409			32000
3.3419			32000
3.2166			32000
3.6707			32000
3.7324			32000
3.6264			32000
3.2358			32000
3.3619			32000
3.2932			32000
3.6732			32000
3.2625			32000
3.4904			32000
3.3122			32000
3.2499			32000
3.1913			32000
3.5937			32000
3.7068			32000
3.7586			32000
3.5084			32000
3.7183			32000
3.5088			32000
3.6034			32000
3.1358			32000
3.3866			32000
3.3896			32000
