Czas operacji[ms]	Rozmiar	Wartosc minimalna	 Wartosc maksymalna
7.2744	0			32000			0			1
7.4021	0			32000			0			1
7.2562	0			32000			0			1
7.2763	0			32000			0			1
7.1998	0			32000			0			1
7.1884	0			32000			0			1
7.1981	0			32000			0			1
7.1878	0			32000			0			1
7.1867	0			32000			0			1
7.2116	0			32000			0			1
7.1955	0			32000			0			1
7.2505	0			32000			0			1
7.1899	0			32000			0			1
7.414	0			32000			0			1
7.1892	0			32000			0			1
7.2154	0			32000			0			1
7.1979	0			32000			0			1
7.2411	0			32000			0			1
7.1961	0			32000			0			1
7.3155	0			32000			0			1
7.5175	0			32000			0			1
7.2743	0			32000			0			1
7.1947	0			32000			0			1
7.3144	0			32000			0			1
7.2007	0			32000			0			1
7.228	0			32000			0			1
7.1915	0			32000			0			1
7.1934	0			32000			0			1
7.2003	0			32000			0			1
7.1888	0			32000			0			1
7.191	0			32000			0			1
7.1931	0			32000			0			1
7.1977	0			32000			0			1
7.2619	0			32000			0			1
7.1904	0			32000			0			1
7.1957	0			32000			0			1
7.2607	0			32000			0			1
7.1898	0			32000			0			1
7.2072	0			32000			0			1
7.2088	0			32000			0			1
7.2441	0			32000			0			1
7.1978	0			32000			0			1
7.2226	0			32000			0			1
7.2733	0			32000			0			1
7.3816	0			32000			0			1
7.2712	0			32000			0			1
7.244	0			32000			0			1
7.1978	0			32000			0			1
7.2265	0			32000			0			1
7.2252	0			32000			0			1
7.2003	0			32000			0			1
7.2066	0			32000			0			1
7.1959	0			32000			0			1
7.3117	0			32000			0			1
7.2086	0			32000			0			1
7.2304	0			32000			0			1
7.1987	0			32000			0			1
7.0809	0			32000			0			1
7.0205	0			32000			0			1
7.1193	0			32000			0			1
7.0738	0			32000			0			1
7.1797	0			32000			0			1
7.0726	0			32000			0			1
7.0922	0			32000			0			1
7.1654	0			32000			0			1
7.1016	0			32000			0			1
7.3064	0			32000			0			1
7.526	0			32000			0			1
7.6429	0			32000			0			1
7.6749	0			32000			0			1
7.4715	0			32000			0			1
7.2115	0			32000			0			1
7.3721	0			32000			0			1
7.3114	0			32000			0			1
7.4503	0			32000			0			1
7.2913	0			32000			0			1
7.3888	0			32000			0			1
7.1915	0			32000			0			1
7.196	0			32000			0			1
7.2008	0			32000			0			1
7.289	0			32000			0			1
7.2331	0			32000			0			1
7.1989	0			32000			0			1
7.234	0			32000			0			1
7.2679	0			32000			0			1
7.2532	0			32000			0			1
7.2056	0			32000			0			1
7.2249	0			32000			0			1
7.1986	0			32000			0			1
7.2484	0			32000			0			1
7.2017	0			32000			0			1
7.2039	0			32000			0			1
7.1896	0			32000			0			1
7.9908	0			32000			0			1
8.0856	0			32000			0			1
7.6962	0			32000			0			1
8.0136	0			32000			0			1
7.344	0			32000			0			1
8.2538	0			32000			0			1
7.4587	0			32000			0			1
