Czas operacji[ms]	Indeks	Rozmiar tablicy	Wartosc minimalna	Wartosc maksymalna
7.3969			18722		32000			0			1
7.0505			29554		32000			0			1
7.143			8972		32000			0			1
7.0127			10124		32000			0			1
7.2295			27427		32000			0			1
7.1976			2066		32000			0			1
7.2903			30808		32000			0			1
7.2209			29608		32000			0			1
7.3566			20383		32000			0			1
7.1943			30262		32000			0			1
7.3262			18036		32000			0			1
7.1926			29543		32000			0			1
7.2581			13652		32000			0			1
7.1972			24875		32000			0			1
7.2265			14912		32000			0			1
7.21			4662		32000			0			1
7.0659			2877		32000			0			1
7.0922			4223		32000			0			1
8.1394			22743		32000			0			1
7.4876			1986		32000			0			1
7.1964			16537		32000			0			1
7.1133			16383		32000			0			1
7.2351			20374		32000			0			1
7.0974			10232		32000			0			1
7.0162			5348		32000			0			1
7.1234			28598		32000			0			1
7.0251			17436		32000			0			1
7.168			13061		32000			0			1
7.2585			26587		32000			0			1
7.2052			13299		32000			0			1
7.2118			9284		32000			0			1
7.1994			9558		32000			0			1
7.1945			2427		32000			0			1
7.2064			1347		32000			0			1
7.2864			30251		32000			0			1
7.2245			1943		32000			0			1
7.3049			2562		32000			0			1
7.2061			4210		32000			0			1
7.2509			10288		32000			0			1
7.1956			16055		32000			0			1
7.4313			2539		32000			0			1
7.1418			1677		32000			0			1
7.1001			24813		32000			0			1
7.0145			23521		32000			0			1
8.4006			2549		32000			0			1
7.7952			27874		32000			0			1
7.3004			20290		32000			0			1
7.1121			27779		32000			0			1
7.1499			15131		32000			0			1
7.1781			27901		32000			0			1
7.2207			31306		32000			0			1
7.15			19018		32000			0			1
7.204			20124		32000			0			1
7.2315			9387		32000			0			1
7.2026			4451		32000			0			1
7.2337			27427		32000			0			1
7.1992			17908		32000			0			1
7.2492			30202		32000			0			1
7.2002			15401		32000			0			1
7.2331			12603		32000			0			1
7.2016			17120		32000			0			1
7.2375			22326		32000			0			1
7.2002			27258		32000			0			1
7.2458			15103		32000			0			1
7.1745			22365		32000			0			1
7.1036			8941		32000			0			1
7.0304			9331		32000			0			1
7.0917			13083		32000			0			1
7.0847			21929		32000			0			1
8.0933			26603		32000			0			1
7.545			23152		32000			0			1
7.0963			8318		32000			0			1
7.169			8255		32000			0			1
7.0251			14653		32000			0			1
7.2854			13583		32000			0			1
7.022			13907		32000			0			1
7.1944			31198		32000			0			1
7.2137			405		32000			0			1
7.2403			25901		32000			0			1
7.1991			9225		32000			0			1
7.2212			21890		32000			0			1
7.2103			16979		32000			0			1
7.2421			29670		32000			0			1
7.2002			25931		32000			0			1
7.226			9832		32000			0			1
7.2006			1393		32000			0			1
7.2596			4760		32000			0			1
7.2015			4615		32000			0			1
7.2429			12301		32000			0			1
7.022			2966		32000			0			1
7.1052			27360		32000			0			1
7.0226			11882		32000			0			1
7.0932			22062		32000			0			1
7.0885			11538		32000			0			1
8.4049			28314		32000			0			1
8.2783			31457		32000			0			1
7.0179			27849		32000			0			1
7.1797			9839		32000			0			1
7.021			10212		32000			0			1
7.0937			17433		32000			0			1
