Czas operacji[ms]	Rozmiar	Wartosc minimalna	 Wartosc maksymalna
7.0671	0			32000			0			1
7.3045	0			32000			0			1
7.0329	0			32000			0			1
7.2326	0			32000			0			1
7.0208	0			32000			0			1
7.1968	0			32000			0			1
7.1099	0			32000			0			1
7.1686	0			32000			0			1
7.0142	0			32000			0			1
7.1434	0			32000			0			1
7.0924	0			32000			0			1
9.1018	0			32000			0			1
7.3292	0			32000			0			1
7.2588	0			32000			0			1
7.2304	0			32000			0			1
7.2256	0			32000			0			1
7.2366	0			32000			0			1
7.2114	0			32000			0			1
7.2069	0			32000			0			1
7.2032	0			32000			0			1
7.2072	0			32000			0			1
7.2149	0			32000			0			1
7.2009	0			32000			0			1
7.2856	0			32000			0			1
7.1197	0			32000			0			1
7.2261	0			32000			0			1
7.0156	0			32000			0			1
7.1858	0			32000			0			1
7.0738	0			32000			0			1
7.2213	0			32000			0			1
7.0379	0			32000			0			1
7.1773	0			32000			0			1
7.02	0			32000			0			1
7.0891	0			32000			0			1
7.0494	0			32000			0			1
8.3545	0			32000			0			1
8.0611	0			32000			0			1
7.2398	0			32000			0			1
7.2684	0			32000			0			1
7.2549	0			32000			0			1
7.2115	0			32000			0			1
7.1955	0			32000			0			1
7.2389	0			32000			0			1
7.1969	0			32000			0			1
7.2115	0			32000			0			1
7.1939	0			32000			0			1
7.2434	0			32000			0			1
7.1948	0			32000			0			1
7.2212	0			32000			0			1
7.1933	0			32000			0			1
7.2219	0			32000			0			1
7.2049	0			32000			0			1
7.201	0			32000			0			1
7.2225	0			32000			0			1
7.1937	0			32000			0			1
7.2396	0			32000			0			1
7.2241	0			32000			0			1
7.245	0			32000			0			1
7.1938	0			32000			0			1
7.2507	0			32000			0			1
7.2048	0			32000			0			1
7.8821	0			32000			0			1
7.9848	0			32000			0			1
7.1188	0			32000			0			1
7.4921	0			32000			0			1
7.4167	0			32000			0			1
7.0236	0			32000			0			1
7.0202	0			32000			0			1
7.0229	0			32000			0			1
7.0208	0			32000			0			1
7.0677	0			32000			0			1
7.0285	0			32000			0			1
7.2007	0			32000			0			1
7.1943	0			32000			0			1
7.2275	0			32000			0			1
7.2116	0			32000			0			1
7.2254	0			32000			0			1
7.2012	0			32000			0			1
7.2318	0			32000			0			1
7.2163	0			32000			0			1
7.2822	0			32000			0			1
7.1973	0			32000			0			1
7.2115	0			32000			0			1
7.212	0			32000			0			1
7.2327	0			32000			0			1
7.2693	0			32000			0			1
7.7498	0			32000			0			1
7.2873	0			32000			0			1
7.2798	0			32000			0			1
7.2622	0			32000			0			1
7.2417	0			32000			0			1
7.2488	0			32000			0			1
7.2368	0			32000			0			1
7.2673	0			32000			0			1
7.195	0			32000			0			1
7.1966	0			32000			0			1
7.1945	0			32000			0			1
7.2226	0			32000			0			1
7.2025	0			32000			0			1
7.3062	0			32000			0			1
