0.0197			210
0.0147			210
0.015			210
0.0145			210
0.0144			210
0.0145			210
0.0146			210
0.0146			210
0.0144			210
0.0143			210
0.0146			210
0.0146			210
0.0145			210
0.0145			210
0.0147			210
0.0146			210
0.0144			210
0.0143			210
0.0147			210
0.0146			210
0.0147			210
0.0148			210
0.0147			210
0.0145			210
0.0143			210
0.0144			210
0.0146			210
0.0144			210
0.0143			210
0.0145			210
0.0146			210
0.0148			210
0.0144			210
0.0145			210
0.0149			210
0.0143			210
0.0145			210
0.0145			210
0.0145			210
0.0143			210
0.0143			210
0.0144			210
0.0145			210
0.0144			210
0.0143			210
0.0145			210
0.0145			210
0.0143			210
0.0143			210
0.0145			210
0.0144			210
0.0144			210
0.0145			210
0.0144			210
0.0144			210
0.0156			210
0.0144			210
0.0145			210
0.0144			210
0.0143			210
0.0144			210
0.0145			210
0.0143			210
0.0143			210
0.0145			210
0.0145			210
0.0144			210
0.0145			210
0.0147			210
0.0145			210
0.0146			210
0.0143			210
0.0145			210
0.0145			210
0.0144			210
0.0143			210
0.0146			210
0.0146			210
0.0145			210
0.0147			210
0.0147			210
0.0146			210
0.0151			210
0.0144			210
0.0151			210
0.0163			210
0.0147			210
0.0146			210
0.0147			210
0.0144			210
0.0144			210
0.0144			210
0.015			210
0.0145			210
0.0145			210
0.0145			210
0.0144			210
0.0149			210
0.0145			210
0.0147			210
