0.016			32000
0.0138			32000
0.0137			32000
0.0136			32000
0.0138			32000
0.0137			32000
0.0136			32000
0.0136			32000
0.0135			32000
0.0138			32000
0.0136			32000
0.0135			32000
0.0145			32000
0.0139			32000
0.0139			32000
0.0136			32000
0.0135			32000
0.0132			32000
0.0133			32000
0.0131			32000
0.0133			32000
0.0132			32000
0.0132			32000
0.0134			32000
0.0136			32000
0.0136			32000
0.0134			32000
0.0135			32000
0.0138			32000
0.0135			32000
0.0136			32000
0.0136			32000
0.0137			32000
0.0135			32000
0.0137			32000
0.0136			32000
0.0138			32000
0.0136			32000
0.0138			32000
0.0136			32000
0.0138			32000
0.0139			32000
0.0136			32000
0.0136			32000
0.0136			32000
0.0135			32000
0.0138			32000
0.0142			32000
0.014			32000
0.0136			32000
0.0137			32000
0.0135			32000
0.0135			32000
0.0137			32000
0.014			32000
0.0138			32000
0.0147			32000
0.0136			32000
0.0139			32000
0.0136			32000
0.0144			32000
0.0138			32000
0.0143			32000
0.0139			32000
0.0137			32000
0.0138			32000
0.0138			32000
0.0137			32000
0.0136			32000
0.0141			32000
0.0138			32000
0.0139			32000
0.0136			32000
0.0138			32000
0.0137			32000
0.0135			32000
0.0142			32000
0.0135			32000
0.015			32000
0.0136			32000
0.014			32000
0.0137			32000
0.0136			32000
0.0136			32000
0.0139			32000
0.0136			32000
0.0139			32000
0.0136			32000
0.0136			32000
0.0137			32000
0.0138			32000
0.0135			32000
0.0136			32000
0.0139			32000
0.014			32000
0.0136			32000
0.0141			32000
0.0136			32000
0.0139			32000
0.0135			32000
