0.0124	5000
0.0106	5000
0.0112	5000
0.0122	5000
0.0103	5000
0.0106	5000
0.0103	5000
0.0105	5000
0.0102	5000
0.0104	5000
0.0103	5000
0.0104	5000
0.0104	5000
0.0105	5000
0.0103	5000
0.0111	5000
0.0104	5000
0.0104	5000
0.0104	5000
0.0105	5000
0.0103	5000
0.0104	5000
0.0103	5000
0.0105	5000
0.0103	5000
0.0105	5000
0.0103	5000
0.0115	5000
0.0105	5000
0.0104	5000
0.0104	5000
0.0104	5000
0.0103	5000
0.0105	5000
0.0104	5000
0.0104	5000
0.0103	5000
0.0104	5000
0.0103	5000
0.0104	5000
0.0103	5000
0.0104	5000
0.0103	5000
0.0104	5000
0.0103	5000
0.0106	5000
0.0103	5000
0.0106	5000
0.0104	5000
0.0104	5000
0.0104	5000
0.0114	5000
0.0105	5000
0.0104	5000
0.0104	5000
0.0105	5000
0.0103	5000
0.0104	5000
0.0103	5000
0.0105	5000
0.0103	5000
0.0105	5000
0.0103	5000
0.0108	5000
0.0241	5000
0.0106	5000
0.0118	5000
0.0106	5000
0.0103	5000
0.0106	5000
0.0104	5000
0.0105	5000
0.0104	5000
0.0104	5000
0.011	5000
0.0104	5000
0.0105	5000
0.0105	5000
0.0102	5000
0.0105	5000
0.0104	5000
0.0104	5000
0.0115	5000
0.0104	5000
0.0104	5000
0.0104	5000
0.0109	5000
0.0104	5000
0.0105	5000
0.0104	5000
0.0103	5000
0.0106	5000
0.0102	5000
0.0105	5000
0.0103	5000
0.0104	5000
0.0104	5000
0.0117	5000
0.0104	5000
0.011	5000
