0.0114	32000
0.0111	32000
0.011	32000
0.0111	32000
0.0118	32000
0.0116	32000
0.0147	32000
0.0109	32000
0.0111	32000
0.0108	32000
0.0105	32000
0.0108	32000
0.0105	32000
0.0107	32000
0.011	32000
0.0106	32000
0.0132	32000
0.0117	32000
0.0107	32000
0.0108	32000
0.0107	32000
0.0109	32000
0.0109	32000
0.0109	32000
0.0109	32000
0.0109	32000
0.0108	32000
0.0116	32000
0.0108	32000
0.0109	32000
0.0112	32000
0.0108	32000
0.0105	32000
0.0107	32000
0.0109	32000
0.0113	32000
0.0107	32000
0.0111	32000
0.0106	32000
0.0126	32000
0.0112	32000
0.0107	32000
0.0118	32000
0.0108	32000
0.0108	32000
0.0109	32000
0.0107	32000
0.0108	32000
0.011	32000
0.0108	32000
0.0107	32000
0.0113	32000
0.0108	32000
0.0114	32000
0.0117	32000
0.0108	32000
0.0118	32000
0.0119	32000
0.0109	32000
0.0109	32000
0.0108	32000
0.0124	32000
0.0119	32000
0.0106	32000
0.0106	32000
0.0108	32000
0.011	32000
0.0116	32000
0.0113	32000
0.0113	32000
0.0109	32000
0.0109	32000
0.011	32000
0.0105	32000
0.0105	32000
0.0106	32000
0.0105	32000
0.0106	32000
0.0105	32000
0.0117	32000
0.0105	32000
0.0116	32000
0.0171	32000
0.0114	32000
0.0111	32000
0.0112	32000
0.0128	32000
0.0241	32000
0.0114	32000
0.011	32000
0.0115	32000
0.0109	32000
0.0115	32000
0.0113	32000
0.0116	32000
0.0126	32000
0.011	32000
0.013	32000
0.0109	32000
0.0108	32000
