10.8474	32000
10.7183	32000
11.0966	32000
11.5629	32000
10.1985	32000
10.8628	32000
10.8795	32000
11.033	32000
11.3635	32000
10.6129	32000
11.1069	32000
10.31	32000
11.3752	32000
10.9642	32000
10.22	32000
10.9753	32000
10.2612	32000
13.1351	32000
9.7865	32000
10.2901	32000
11.5616	32000
11.0045	32000
9.668	32000
10.4371	32000
10.9024	32000
10.2983	32000
10.1929	32000
10.868	32000
10.4998	32000
10.9127	32000
11.7852	32000
9.6788	32000
10.9293	32000
10.6909	32000
11.9628	32000
10.0937	32000
10.6554	32000
16.7688	32000
10.2332	32000
10.7128	32000
11.2014	32000
10.5667	32000
11.7043	32000
11.3011	32000
12.093	32000
10.9448	32000
11.0751	32000
13.5288	32000
12.3297	32000
10.25	32000
11.9487	32000
11.4259	32000
10.974	32000
11.0205	32000
12.9784	32000
13.96	32000
17.4234	32000
11.091	32000
10.9045	32000
11.4324	32000
11.7844	32000
9.6181	32000
11.5067	32000
11.3337	32000
12.0647	32000
14.9506	32000
10.956	32000
10.0184	32000
12.0576	32000
11.2107	32000
12.2638	32000
11.2012	32000
10.5158	32000
11.059	32000
11.5279	32000
14.3257	32000
11.9991	32000
9.8036	32000
10.5771	32000
9.9307	32000
10.0238	32000
10.5273	32000
11.0309	32000
11.3054	32000
10.2941	32000
12.4213	32000
11.9322	32000
10.2487	32000
11.5674	32000
10.6772	32000
11.9642	32000
10.5121	32000
10.2666	32000
9.9077	32000
12.6794	32000
27.4554	32000
12.9876	32000
10.979	32000
9.6058	32000
11.0415	32000
