14.9036	32000
13.8967	32000
13.9239	32000
14.5572	32000
15.218	32000
14.1865	32000
13.0198	32000
15.1685	32000
15.0324	32000
15.7841	32000
14.5974	32000
14.3206	32000
13.069	32000
13.9904	32000
14.0009	32000
13.8342	32000
14.3209	32000
13.1528	32000
13.298	32000
14.3018	32000
13.4097	32000
12.9901	32000
14.5423	32000
12.5853	32000
13.514	32000
12.7648	32000
16.9143	32000
14.2187	32000
14.1469	32000
13.5165	32000
13.2215	32000
15.4337	32000
16.009	32000
13.9342	32000
15.4217	32000
13.239	32000
14.442	32000
13.784	32000
13.3947	32000
13.1806	32000
14.0382	32000
12.7234	32000
14.1602	32000
21.3585	32000
13.3648	32000
13.8493	32000
14.1588	32000
13.6003	32000
15.3112	32000
13.1762	32000
15.4431	32000
16.4206	32000
14.2882	32000
15.5449	32000
13.9981	32000
13.5453	32000
14.7677	32000
14.5772	32000
13.6348	32000
13.5176	32000
16.9763	32000
13.3415	32000
12.8787	32000
14.3946	32000
13.7049	32000
14.1375	32000
14.3285	32000
12.4762	32000
13.9623	32000
15.7084	32000
14.0586	32000
13.2724	32000
13.8735	32000
13.8319	32000
14.4544	32000
14.1487	32000
14.392	32000
14.0517	32000
17.3818	32000
14.2605	32000
14.3276	32000
13.9852	32000
13.1034	32000
14.3856	32000
13.4802	32000
12.7242	32000
14.2761	32000
14.17	32000
14.9664	32000
13.6778	32000
13.8856	32000
15.5623	32000
13.2442	32000
13.5493	32000
14.1231	32000
15.1041	32000
13.1318	32000
13.9309	32000
13.9403	32000
12.9541	32000
