14.7921
13.4576
13.9075
13.74
14.9597
12.1055
14.0932
13.2592
13.6851
14.1709
14.2213
13.4717
16.6433
13.4156
12.8058
13.7126
15.0738
14.2805
13.1972
14.6331
13.1918
15.8919
14.6355
13.1786
14.7679
12.5521
13.7956
13.3937
14.4553
14.1764
17.2644
15.5678
13.8657
13.1152
13.946
14.416
13.5465
12.2385
14.43
13.4988
14.6891
14.4729
14.7407
22.4836
15.144
15.0752
13.5345
14.8855
14.9795
14.1047
12.5459
13.8295
14.0303
12.8804
13.8569
15.6019
13.1052
14.4664
14.1008
13.5041
14.6118
13.3939
14.658
13.1575
15.6342
15.1073
14.5459
14.9738
13.4495
12.9962
14.8283
14.57
14.4487
14.084
14.2884
13.5757
13.7083
15.0476
13.8997
11.9507
14.0749
13.6605
14.3647
14.0621
13.8368
14.1804
12.0346
12.856
13.3543
12.067
14.8769
13.29
14.3555
14.6171
14.2489
14.5831
13.6428
12.9326
14.6061
13.8746
