Czas operacji[ms]	V	Gestosc
0.4702			100			20
0.368			100			20
0.3972			100			20
0.3719			100			20
0.3646			100			20
0.3725			100			20
0.364			100			20
0.4355			100			20
0.359			100			20
0.3696			100			20
0.4883			100			20
0.3512			100			20
0.36			100			20
0.3658			100			20
0.3691			100			20
0.3687			100			20
0.3684			100			20
0.3847			100			20
0.3765			100			20
0.3773			100			20
0.3652			100			20
0.3662			100			20
0.3576			100			20
0.3901			100			20
0.3808			100			20
0.366			100			20
0.3872			100			20
0.3703			100			20
0.36			100			20
0.3805			100			20
0.3636			100			20
0.3663			100			20
0.3852			100			20
0.3626			100			20
0.3792			100			20
0.3677			100			20
0.3824			100			20
0.3936			100			20
0.355			100			20
0.3502			100			20
0.365			100			20
0.3805			100			20
0.3768			100			20
0.4367			100			20
0.3618			100			20
0.3867			100			20
0.3693			100			20
0.3827			100			20
0.3708			100			20
0.377			100			20
0.9162			200			20
0.9113			200			20
0.9181			200			20
0.9121			200			20
0.9345			200			20
0.8978			200			20
0.9771			200			20
0.8728			200			20
0.9092			200			20
0.9038			200			20
0.8993			200			20
1.078			200			20
0.9119			200			20
0.8884			200			20
0.873			200			20
0.8656			200			20
0.9937			200			20
0.8941			200			20
0.9977			200			20
0.9145			200			20
0.946			200			20
0.9044			200			20
0.8934			200			20
0.8879			200			20
0.906			200			20
0.8943			200			20
0.8988			200			20
0.884			200			20
0.9757			200			20
0.9589			200			20
0.9737			200			20
0.9039			200			20
1.072			200			20
0.8848			200			20
0.8749			200			20
0.9132			200			20
0.8666			200			20
0.9353			200			20
1.0583			200			20
0.9012			200			20
0.8876			200			20
1.0047			200			20
0.8492			200			20
0.9155			200			20
0.8754			200			20
0.9092			200			20
0.9236			200			20
0.8921			200			20
0.9551			200			20
0.9101			200			20
1.818			300			20
1.6187			300			20
1.7331			300			20
1.7261			300			20
1.7644			300			20
1.7098			300			20
1.7824			300			20
1.8213			300			20
1.532			300			20
1.7292			300			20
1.7745			300			20
1.7113			300			20
1.6435			300			20
1.7328			300			20
1.6946			300			20
1.6665			300			20
1.6937			300			20
1.7678			300			20
1.6814			300			20
1.7465			300			20
1.7807			300			20
1.8067			300			20
1.6905			300			20
1.8646			300			20
1.7584			300			20
1.7566			300			20
2.6037			300			20
1.7894			300			20
1.7797			300			20
1.6554			300			20
2.3759			300			20
1.6781			300			20
1.7037			300			20
1.8072			300			20
1.7124			300			20
1.8611			300			20
1.7087			300			20
1.6636			300			20
1.6868			300			20
1.7191			300			20
1.8599			300			20
1.6506			300			20
1.6793			300			20
1.6304			300			20
1.7276			300			20
1.7051			300			20
1.5922			300			20
1.6935			300			20
1.8134			300			20
1.6942			300			20
2.6319			400			20
2.7802			400			20
2.721			400			20
2.9111			400			20
2.6825			400			20
2.6213			400			20
2.6634			400			20
2.5439			400			20
2.6714			400			20
2.6923			400			20
2.79			400			20
2.6806			400			20
2.6708			400			20
2.6738			400			20
2.6857			400			20
2.6226			400			20
2.6011			400			20
2.8175			400			20
2.9075			400			20
2.8937			400			20
2.7202			400			20
2.6758			400			20
2.7875			400			20
2.5953			400			20
2.7895			400			20
2.6556			400			20
2.8629			400			20
2.7607			400			20
2.6873			400			20
2.7345			400			20
2.714			400			20
2.7492			400			20
2.7657			400			20
2.6643			400			20
2.6198			400			20
2.7203			400			20
2.8139			400			20
2.6974			400			20
2.7904			400			20
2.6494			400			20
2.7474			400			20
2.8104			400			20
2.6409			400			20
2.6682			400			20
2.7475			400			20
2.6857			400			20
2.7174			400			20
2.6707			400			20
2.7329			400			20
2.743			400			20
3.9325			500			20
3.7502			500			20
3.927			500			20
3.7995			500			20
3.9041			500			20
3.863			500			20
3.9646			500			20
3.9707			500			20
3.835			500			20
3.8552			500			20
3.8345			500			20
3.8111			500			20
3.9035			500			20
3.9015			500			20
3.8972			500			20
3.936			500			20
3.7499			500			20
3.8194			500			20
4.0049			500			20
3.8653			500			20
3.8651			500			20
3.9856			500			20
3.8843			500			20
3.7851			500			20
4.5433			500			20
3.9302			500			20
3.9534			500			20
4.3155			500			20
3.774			500			20
3.8328			500			20
3.9914			500			20
3.9353			500			20
3.7575			500			20
5.0424			500			20
3.9178			500			20
3.7579			500			20
3.8884			500			20
3.8252			500			20
3.8665			500			20
4.6525			500			20
3.9124			500			20
3.8151			500			20
4.0506			500			20
3.9346			500			20
3.9313			500			20
4.0208			500			20
3.7212			500			20
3.8859			500			20
3.8513			500			20
4.0238			500			20
5.2942			600			20
5.2042			600			20
5.3526			600			20
5.2231			600			20
5.2652			600			20
5.1226			600			20
5.1477			600			20
5.1992			600			20
5.3315			600			20
5.2527			600			20
5.1896			600			20
5.2276			600			20
5.0678			600			20
5.262			600			20
5.2533			600			20
5.1176			600			20
5.2723			600			20
5.2031			600			20
5.4935			600			20
5.2241			600			20
6.3558			600			20
5.2058			600			20
5.3616			600			20
5.1732			600			20
5.1152			600			20
5.187			600			20
5.2538			600			20
5.2599			600			20
5.3946			600			20
5.1958			600			20
5.2303			600			20
5.0936			600			20
5.3223			600			20
5.5408			600			20
5.1618			600			20
5.2346			600			20
5.1727			600			20
5.1302			600			20
5.3282			600			20
5.2765			600			20
5.1708			600			20
5.1422			600			20
5.2547			600			20
5.3441			600			20
5.343			600			20
5.2671			600			20
5.2428			600			20
5.4625			600			20
5.1439			600			20
5.2304			600			20
6.8976			700			20
7.8343			700			20
6.5254			700			20
6.6833			700			20
6.596			700			20
6.6797			700			20
6.7382			700			20
6.7823			700			20
6.6413			700			20
6.8123			700			20
6.7579			700			20
6.6593			700			20
6.8365			700			20
6.8401			700			20
6.967			700			20
7.6034			700			20
6.7212			700			20
6.718			700			20
6.6803			700			20
6.6422			700			20
6.8787			700			20
6.8214			700			20
6.7293			700			20
6.6399			700			20
6.9201			700			20
6.824			700			20
6.6977			700			20
6.805			700			20
6.6263			700			20
6.9104			700			20
6.7304			700			20
6.6791			700			20
6.6452			700			20
8.0049			700			20
6.6866			700			20
6.6287			700			20
6.6493			700			20
6.8829			700			20
6.6092			700			20
6.6668			700			20
6.7422			700			20
6.7927			700			20
6.7146			700			20
6.8788			700			20
6.7223			700			20
6.663			700			20
6.7728			700			20
6.7355			700			20
6.7082			700			20
6.8019			700			20
0.4957			100			60
0.4958			100			60
0.5187			100			60
0.5149			100			60
0.5803			100			60
0.4993			100			60
0.5092			100			60
0.5053			100			60
0.4937			100			60
0.5019			100			60
0.5009			100			60
0.7662			100			60
0.4891			100			60
0.5113			100			60
0.5145			100			60
0.4935			100			60
0.495			100			60
0.558			100			60
0.5117			100			60
0.5098			100			60
0.5596			100			60
0.5013			100			60
0.525			100			60
0.4999			100			60
0.5093			100			60
0.4898			100			60
0.4863			100			60
0.5644			100			60
0.5228			100			60
0.5212			100			60
0.495			100			60
0.6275			100			60
0.5002			100			60
0.496			100			60
0.6866			100			60
0.4875			100			60
0.7227			100			60
0.5086			100			60
0.548			100			60
0.4976			100			60
0.482			100			60
0.7394			100			60
0.5219			100			60
0.5048			100			60
0.4875			100			60
0.4897			100			60
0.5032			100			60
0.515			100			60
0.5807			100			60
0.4917			100			60
1.5029			200			60
1.3919			200			60
1.4336			200			60
1.5275			200			60
1.5327			200			60
1.6226			200			60
1.5879			200			60
1.5576			200			60
1.6875			200			60
1.7108			200			60
1.57			200			60
1.4746			200			60
1.6394			200			60
1.3822			200			60
1.374			200			60
1.3901			200			60
1.5105			200			60
1.4377			200			60
1.4064			200			60
1.5036			200			60
1.5771			200			60
1.6128			200			60
1.5737			200			60
1.3852			200			60
1.365			200			60
1.6213			200			60
1.5814			200			60
1.6096			200			60
1.6001			200			60
1.5377			200			60
1.3863			200			60
1.4275			200			60
1.3788			200			60
1.4145			200			60
1.4968			200			60
1.4012			200			60
1.3334			200			60
1.6568			200			60
1.3913			200			60
1.4084			200			60
1.6864			200			60
1.3868			200			60
1.4124			200			60
1.4089			200			60
1.4415			200			60
1.5244			200			60
1.546			200			60
1.6537			200			60
1.6311			200			60
1.6451			200			60
3.2311			300			60
3.1273			300			60
3.1359			300			60
3.2593			300			60
3.1143			300			60
3.1155			300			60
3.0789			300			60
3.2194			300			60
3.163			300			60
3.0939			300			60
3.1251			300			60
3.0936			300			60
3.2264			300			60
3.1034			300			60
3.1708			300			60
3.0897			300			60
3.2414			300			60
3.2004			300			60
3.1637			300			60
3.2369			300			60
3.1738			300			60
3.1415			300			60
3.2202			300			60
3.092			300			60
3.0898			300			60
3.1886			300			60
2.9967			300			60
3.0629			300			60
3.2516			300			60
3.2415			300			60
3.1623			300			60
3.0351			300			60
3.1417			300			60
3.1831			300			60
3.2604			300			60
3.1905			300			60
3.1843			300			60
3.0975			300			60
3.1079			300			60
3.174			300			60
3.1135			300			60
3			300			60
3.2704			300			60
3.1609			300			60
3.3187			300			60
3.3594			300			60
3.1753			300			60
3.3149			300			60
3.1377			300			60
3.2063			300			60
5.4095			400			60
5.3273			400			60
5.2449			400			60
5.3789			400			60
5.2296			400			60
5.3109			400			60
5.1696			400			60
5.4172			400			60
5.2499			400			60
5.2832			400			60
5.4795			400			60
5.4819			400			60
5.326			400			60
5.1835			400			60
5.4224			400			60
5.1628			400			60
5.2376			400			60
5.4192			400			60
5.2837			400			60
5.2729			400			60
5.4872			400			60
5.2524			400			60
5.3558			400			60
5.3587			400			60
5.1427			400			60
5.3975			400			60
5.3476			400			60
5.2728			400			60
5.305			400			60
5.3866			400			60
5.3238			400			60
5.3791			400			60
5.3194			400			60
5.3743			400			60
6.8365			400			60
5.2058			400			60
5.2738			400			60
5.2029			400			60
5.2424			400			60
5.4008			400			60
5.5773			400			60
5.0929			400			60
5.3053			400			60
5.2801			400			60
5.3841			400			60
5.2757			400			60
5.3761			400			60
5.2572			400			60
5.338			400			60
5.2154			400			60
7.9961			500			60
7.9734			500			60
7.8031			500			60
7.8876			500			60
7.8533			500			60
7.985			500			60
7.9089			500			60
8.059			500			60
7.8664			500			60
8.1832			500			60
7.9288			500			60
8.687			500			60
7.887			500			60
7.9546			500			60
8.1054			500			60
7.8038			500			60
7.9401			500			60
7.7721			500			60
7.9522			500			60
7.9783			500			60
7.8471			500			60
7.9858			500			60
8.0951			500			60
8.0506			500			60
7.847			500			60
7.7962			500			60
7.7918			500			60
7.9759			500			60
7.8459			500			60
7.9364			500			60
7.6206			500			60
7.97			500			60
8.0018			500			60
7.8093			500			60
7.9594			500			60
7.9761			500			60
7.9779			500			60
8.065			500			60
7.7476			500			60
7.9709			500			60
7.9963			500			60
7.8542			500			60
7.8626			500			60
7.947			500			60
7.9424			500			60
8.0594			500			60
7.9429			500			60
7.9547			500			60
8.0448			500			60
7.7881			500			60
10.936			600			60
11.1632			600			60
10.9601			600			60
11.4616			600			60
10.9235			600			60
10.9989			600			60
11.2441			600			60
10.7707			600			60
10.8921			600			60
10.7288			600			60
10.7576			600			60
10.8875			600			60
11.0981			600			60
10.6695			600			60
10.9269			600			60
11.2182			600			60
11.1539			600			60
11.0311			600			60
11.036			600			60
11.0143			600			60
11.1333			600			60
11.0012			600			60
10.9226			600			60
11.1598			600			60
10.9959			600			60
11.0382			600			60
11.4156			600			60
10.7318			600			60
12.1255			600			60
10.7968			600			60
11.0165			600			60
10.8352			600			60
11.1102			600			60
11.0617			600			60
11.0991			600			60
10.8882			600			60
11.3324			600			60
12.7522			600			60
10.7252			600			60
11.0011			600			60
10.9966			600			60
11.0222			600			60
11.0552			600			60
11.001			600			60
10.8972			600			60
11.0322			600			60
10.9502			600			60
12.2731			600			60
11.2734			600			60
10.9457			600			60
15.0907			700			60
14.6112			700			60
14.4818			700			60
14.5928			700			60
14.7965			700			60
14.2222			700			60
14.6799			700			60
14.4552			700			60
14.6091			700			60
14.3919			700			60
14.4595			700			60
14.3393			700			60
14.6072			700			60
15.7008			700			60
14.5792			700			60
14.6663			700			60
15.5024			700			60
14.4391			700			60
14.4386			700			60
14.7763			700			60
14.6073			700			60
15.8843			700			60
14.4332			700			60
14.7569			700			60
14.3714			700			60
14.4707			700			60
14.4029			700			60
14.6444			700			60
14.5946			700			60
14.6363			700			60
14.5657			700			60
14.3659			700			60
14.7193			700			60
14.5859			700			60
14.8418			700			60
14.6589			700			60
14.5676			700			60
15.5974			700			60
14.4089			700			60
14.6931			700			60
14.9362			700			60
14.6647			700			60
14.3771			700			60
14.5365			700			60
14.4847			700			60
14.4924			700			60
14.3758			700			60
14.7202			700			60
15.2555			700			60
14.6378			700			60
0.6583			100			99
0.6079			100			99
0.5934			100			99
0.6109			100			99
0.5994			100			99
0.7654			100			99
0.7291			100			99
0.6144			100			99
0.5992			100			99
0.6111			100			99
0.6127			100			99
0.5852			100			99
0.5969			100			99
0.6008			100			99
0.5995			100			99
0.6915			100			99
0.5862			100			99
0.6179			100			99
0.5951			100			99
0.746			100			99
0.5886			100			99
0.564			100			99
0.5871			100			99
0.6244			100			99
0.5771			100			99
0.59			100			99
0.6648			100			99
0.5948			100			99
0.6237			100			99
0.6271			100			99
0.5917			100			99
0.7418			100			99
0.609			100			99
0.6053			100			99
0.6102			100			99
0.6197			100			99
0.6207			100			99
0.6665			100			99
0.5876			100			99
0.7682			100			99
0.6014			100			99
0.6216			100			99
0.5753			100			99
0.6016			100			99
0.6143			100			99
0.6982			100			99
0.6354			100			99
0.6008			100			99
0.6082			100			99
0.6179			100			99
2.2542			200			99
2.1504			200			99
2.2579			200			99
2.1654			200			99
2.4639			200			99
2.1477			200			99
2.1924			200			99
2.1156			200			99
2.2545			200			99
2.1031			200			99
2.191			200			99
2.1175			200			99
2.0103			200			99
2.1863			200			99
2.2059			200			99
2.1269			200			99
2.1265			200			99
2.0448			200			99
2.1777			200			99
2.1469			200			99
2.2131			200			99
2.3012			200			99
2.3264			200			99
2.5346			200			99
2.1266			200			99
2.0409			200			99
2.1154			200			99
2.2781			200			99
1.9715			200			99
1.9426			200			99
2.1756			200			99
2.1188			200			99
2.0801			200			99
2.0888			200			99
1.9896			200			99
2.2502			200			99
2.1202			200			99
2.1214			200			99
2.0159			200			99
2.0666			200			99
2.3488			200			99
2.1692			200			99
2.1486			200			99
2.1114			200			99
2.0792			200			99
2.0242			200			99
1.9738			200			99
2.0101			200			99
2.0827			200			99
2.0638			200			99
4.6689			300			99
4.5753			300			99
4.4319			300			99
4.4013			300			99
4.432			300			99
4.7769			300			99
4.4907			300			99
4.4931			300			99
4.6106			300			99
4.8558			300			99
4.4024			300			99
4.3875			300			99
4.5087			300			99
4.353			300			99
4.5041			300			99
4.492			300			99
4.594			300			99
4.5978			300			99
4.5751			300			99
4.5834			300			99
4.6088			300			99
4.552			300			99
4.5499			300			99
4.6365			300			99
4.5585			300			99
4.7035			300			99
4.6647			300			99
4.4761			300			99
4.674			300			99
4.4586			300			99
4.7546			300			99
4.4463			300			99
4.3947			300			99
4.4915			300			99
4.5449			300			99
4.5426			300			99
4.6272			300			99
4.573			300			99
4.7076			300			99
4.58			300			99
4.5396			300			99
4.6001			300			99
4.5489			300			99
4.6609			300			99
4.588			300			99
4.5732			300			99
4.5632			300			99
4.5638			300			99
4.6978			300			99
5.1044			300			99
7.6742			400			99
7.6961			400			99
7.9124			400			99
7.8283			400			99
8.1564			400			99
7.8855			400			99
7.8088			400			99
7.6623			400			99
7.897			400			99
7.6446			400			99
7.6986			400			99
8.4739			400			99
7.966			400			99
7.7419			400			99
7.9795			400			99
7.8781			400			99
7.7921			400			99
7.8295			400			99
7.756			400			99
7.7218			400			99
7.6244			400			99
7.9071			400			99
7.6542			400			99
7.7531			400			99
7.8492			400			99
7.5938			400			99
8.8354			400			99
7.8807			400			99
7.5884			400			99
7.8774			400			99
7.7497			400			99
7.8128			400			99
7.6582			400			99
7.758			400			99
7.8458			400			99
7.8134			400			99
7.7192			400			99
8.5976			400			99
8.0081			400			99
8.4283			400			99
7.9283			400			99
7.7112			400			99
7.9005			400			99
7.6737			400			99
7.962			400			99
7.5817			400			99
7.8455			400			99
7.9922			400			99
7.5336			400			99
7.8422			400			99
11.7735			500			99
11.8645			500			99
11.6677			500			99
11.6227			500			99
11.9205			500			99
11.6965			500			99
11.7857			500			99
11.991			500			99
11.8675			500			99
11.9748			500			99
11.5481			500			99
11.688			500			99
11.5128			500			99
11.7301			500			99
12.7356			500			99
11.8101			500			99
11.6726			500			99
11.7282			500			99
11.8031			500			99
11.8588			500			99
11.6494			500			99
11.866			500			99
11.6672			500			99
11.6452			500			99
11.8487			500			99
11.6325			500			99
11.9145			500			99
11.7928			500			99
11.8545			500			99
11.8933			500			99
11.6677			500			99
11.5476			500			99
11.7963			500			99
11.9172			500			99
11.9772			500			99
12.0067			500			99
11.8084			500			99
12.1616			500			99
12.2613			500			99
11.774			500			99
11.7662			500			99
11.8633			500			99
11.7833			500			99
12.1552			500			99
11.8862			500			99
12.0658			500			99
11.8317			500			99
12.1068			500			99
11.9584			500			99
11.9853			500			99
16.5662			600			99
16.7489			600			99
16.5553			600			99
16.5278			600			99
17.027			600			99
16.5843			600			99
16.7431			600			99
16.6066			600			99
17.0133			600			99
16.4108			600			99
16.6498			600			99
16.7243			600			99
16.4863			600			99
16.2529			600			99
16.9629			600			99
16.4911			600			99
16.4354			600			99
17.0264			600			99
16.4566			600			99
16.8474			600			99
17.3984			600			99
16.5792			600			99
16.6517			600			99
16.6443			600			99
16.5192			600			99
16.8507			600			99
16.6898			600			99
16.7624			600			99
16.7065			600			99
16.8096			600			99
17.3518			600			99
16.7802			600			99
16.8134			600			99
16.5857			600			99
16.6747			600			99
17.2932			600			99
16.7619			600			99
16.678			600			99
16.7591			600			99
16.7761			600			99
16.5086			600			99
16.753			600			99
17.2816			600			99
16.5747			600			99
16.8477			600			99
16.6031			600			99
16.8733			600			99
16.3464			600			99
16.8719			600			99
16.7055			600			99
22.3672			700			99
22.4405			700			99
22.1845			700			99
22.0379			700			99
22.2754			700			99
23.0583			700			99
22.1312			700			99
22.3982			700			99
22.3876			700			99
22.29			700			99
21.9436			700			99
21.7005			700			99
22.3661			700			99
22.1907			700			99
22.3256			700			99
22.4019			700			99
21.8899			700			99
22.1596			700			99
22.2922			700			99
22.2156			700			99
22.377			700			99
23.143			700			99
22.5817			700			99
22.1482			700			99
22.4814			700			99
22.1938			700			99
22.0244			700			99
22.1513			700			99
24.2684			700			99
21.9225			700			99
22.0887			700			99
21.9774			700			99
22.1786			700			99
22.2372			700			99
23.1554			700			99
22.3263			700			99
22.013			700			99
22.0729			700			99
22.2317			700			99
23.3045			700			99
22.115			700			99
22.3052			700			99
22.121			700			99
22.3715			700			99
22.5487			700			99
22.1643			700			99
22.375			700			99
22.6595			700			99
22.32			700			99
22.2453			700			99
