0.1062			10			20
0.1115			10			20
0.1005			10			20
0.1018			10			20
0.1016			10			20
0.1054			10			20
0.1039			10			20
0.1009			10			20
0.1019			10			20
0.1655			10			20
0.1044			10			20
0.1022			10			20
0.1015			10			20
0.1018			10			20
0.1043			10			20
0.1008			10			20
0.0998			10			20
0.1018			10			20
0.1034			10			20
0.1027			10			20
0.1			10			20
0.1002			10			20
0.1001			10			20
0.1042			10			20
0.1019			10			20
0.1004			10			20
0.1073			10			20
0.1023			10			20
0.1014			10			20
0.0998			10			20
0.1022			10			20
0.194			10			20
0.1072			10			20
0.1028			10			20
0.1008			10			20
0.1006			10			20
0.104			10			20
0.1022			10			20
0.0997			10			20
0.0996			10			20
0.1107			10			20
0.1043			10			20
0.103			10			20
0.1016			10			20
0.2025			10			20
0.1025			10			20
0.101			10			20
0.1002			10			20
0.0998			10			20
0.1023			10			20
0.408			20			20
0.3973			20			20
0.41			20			20
0.4606			20			20
0.4093			20			20
0.4044			20			20
0.3947			20			20
0.3942			20			20
0.3958			20			20
0.3962			20			20
0.3948			20			20
0.3964			20			20
0.3958			20			20
0.392			20			20
0.3951			20			20
0.392			20			20
0.3964			20			20
0.393			20			20
0.3963			20			20
0.3924			20			20
0.3957			20			20
0.4271			20			20
0.4002			20			20
0.3935			20			20
0.395			20			20
0.3928			20			20
0.3962			20			20
0.4126			20			20
0.3965			20			20
0.3988			20			20
0.3935			20			20
0.3983			20			20
0.4037			20			20
0.3984			20			20
0.4556			20			20
0.3954			20			20
0.3975			20			20
0.394			20			20
0.3954			20			20
0.3973			20			20
0.3942			20			20
0.3949			20			20
0.3962			20			20
0.3959			20			20
0.3974			20			20
0.3938			20			20
0.394			20			20
0.4376			20			20
0.3982			20			20
0.422			20			20
0.9046			30			20
0.9014			30			20
0.9071			30			20
0.9561			30			20
0.8995			30			20
0.9013			30			20
0.8996			30			20
0.8993			30			20
0.9238			30			20
0.9044			30			20
0.9037			30			20
0.8984			30			20
0.9014			30			20
0.9338			30			20
1.0258			30			20
0.9095			30			20
0.9123			30			20
0.9274			30			20
0.9011			30			20
0.9726			30			20
0.8984			30			20
0.9007			30			20
0.9005			30			20
0.9124			30			20
0.9112			30			20
1.4239			30			20
0.9069			30			20
0.9			30			20
0.9027			30			20
0.9012			30			20
1.0019			30			20
0.9078			30			20
0.9028			30			20
1.07			30			20
0.9573			30			20
0.9712			30			20
0.9076			30			20
0.8996			30			20
0.9			30			20
0.9025			30			20
0.9027			30			20
0.9009			30			20
0.9734			30			20
0.9031			30			20
0.8989			30			20
0.9314			30			20
0.9589			30			20
0.9378			30			20
0.901			30			20
0.9472			30			20
1.6257			40			20
1.6372			40			20
1.615			40			20
1.7391			40			20
1.616			40			20
1.6795			40			20
1.6132			40			20
1.6134			40			20
1.6126			40			20
1.6152			40			20
1.8367			40			20
1.6154			40			20
1.7503			40			20
1.6113			40			20
1.6149			40			20
1.6744			40			20
1.6168			40			20
1.687			40			20
1.6133			40			20
1.6352			40			20
1.6135			40			20
1.8691			40			20
1.6157			40			20
1.672			40			20
1.6153			40			20
1.782			40			20
1.7146			40			20
1.6198			40			20
1.6408			40			20
1.6118			40			20
1.7051			40			20
1.6119			40			20
1.629			40			20
1.6409			40			20
1.6145			40			20
2.089			40			20
1.6246			40			20
1.6526			40			20
1.672			40			20
1.6155			40			20
1.612			40			20
1.6273			40			20
1.638			40			20
1.615			40			20
1.6771			40			20
1.6265			40			20
1.6212			40			20
1.6183			40			20
1.6164			40			20
1.6769			40			20
2.6933			50			20
2.6032			50			20
2.6063			50			20
2.6607			50			20
2.6237			50			20
2.6196			50			20
2.5483			50			20
2.6982			50			20
2.5511			50			20
2.8542			50			20
2.548			50			20
2.8113			50			20
2.6377			50			20
2.7188			50			20
2.563			50			20
2.592			50			20
2.6215			50			20
2.6805			50			20
2.5546			50			20
2.5527			50			20
2.585			50			20
2.5503			50			20
2.7287			50			20
2.5686			50			20
2.6389			50			20
2.5511			50			20
2.5818			50			20
2.5961			50			20
2.5898			50			20
2.5587			50			20
2.5503			50			20
2.7599			50			20
2.6237			50			20
2.7033			50			20
2.5539			50			20
2.6139			50			20
2.5536			50			20
2.5956			50			20
2.5645			50			20
2.6592			50			20
2.5563			50			20
2.6248			50			20
2.6943			50			20
2.5548			50			20
2.6163			50			20
2.6008			50			20
4.428			50			20
2.5513			50			20
2.6562			50			20
2.6289			50			20
3.9298			60			20
3.7049			60			20
3.7624			60			20
3.7245			60			20
3.7195			60			20
3.7092			60			20
3.6956			60			20
3.7385			60			20
3.7613			60			20
3.702			60			20
3.7495			60			20
3.7095			60			20
3.7349			60			20
3.852			60			20
3.6999			60			20
3.6973			60			20
3.7482			60			20
3.8408			60			20
3.9541			60			20
3.7109			60			20
3.6983			60			20
3.7026			60			20
3.7028			60			20
3.798			60			20
3.9445			60			20
3.818			60			20
3.7563			60			20
3.7018			60			20
3.7008			60			20
3.6983			60			20
3.6989			60			20
3.7056			60			20
3.7072			60			20
3.6977			60			20
3.7762			60			20
3.6998			60			20
3.7673			60			20
3.8311			60			20
3.7702			60			20
3.8001			60			20
3.8124			60			20
3.9045			60			20
3.7959			60			20
3.8082			60			20
3.7088			60			20
3.6958			60			20
3.7605			60			20
3.8454			60			20
3.8018			60			20
3.7007			60			20
5.1473			70			20
5.1138			70			20
5.3047			70			20
5.225			70			20
5.131			70			20
5.2422			70			20
5.0733			70			20
5.2411			70			20
5.0823			70			20
5.0677			70			20
5.1584			70			20
5.1608			70			20
5.3265			70			20
5.3977			70			20
5.4104			70			20
5.1015			70			20
5.2316			70			20
5.2942			70			20
5.1216			70			20
5.1373			70			20
5.2211			70			20
5.0681			70			20
5.441			70			20
5.3185			70			20
5.2527			70			20
5.2588			70			20
5.2961			70			20
5.1606			70			20
5.2268			70			20
5.2942			70			20
5.0616			70			20
5.1204			70			20
5.2175			70			20
5.1087			70			20
5.5149			70			20
5.7914			70			20
5.1664			70			20
5.1331			70			20
5.0956			70			20
5.2622			70			20
5.2026			70			20
5.1554			70			20
5.0724			70			20
5.2391			70			20
5.1862			70			20
5.3799			70			20
5.2515			70			20
5.2636			70			20
5.0752			70			20
5.1796			70			20
0.1118			10			60
0.1071			10			60
0.1008			10			60
0.1044			10			60
0.1			10			60
0.101			10			60
0.1049			10			60
0.1098			10			60
0.1057			10			60
0.1015			10			60
0.1031			10			60
0.1016			10			60
0.1007			10			60
0.0999			10			60
0.1025			10			60
0.1056			10			60
0.1038			10			60
0.1035			10			60
0.1051			10			60
0.1037			10			60
0.1007			10			60
0.1006			10			60
0.1016			10			60
0.0999			10			60
0.1039			10			60
0.1059			10			60
0.1058			10			60
0.1005			10			60
0.1019			10			60
0.1008			10			60
0.1021			10			60
0.1003			10			60
0.0995			10			60
0.1053			10			60
0.1043			10			60
0.1008			10			60
0.1			10			60
0.1016			10			60
0.1017			10			60
0.1017			10			60
0.1008			10			60
0.1004			10			60
0.1032			10			60
0.1046			10			60
0.1017			10			60
0.0998			10			60
0.1006			10			60
0.102			10			60
0.1013			10			60
0.0995			10			60
0.3958			20			60
0.3975			20			60
0.3921			20			60
0.3965			20			60
0.391			20			60
0.3975			20			60
0.3948			20			60
0.398			20			60
0.3926			20			60
0.3986			20			60
0.3919			20			60
0.3977			20			60
0.3938			20			60
0.3954			20			60
0.3937			20			60
0.3935			20			60
0.3953			20			60
0.3967			20			60
0.3961			20			60
0.3963			20			60
0.3941			20			60
0.4004			20			60
0.3979			20			60
0.3978			20			60
0.3931			20			60
0.3986			20			60
0.3919			20			60
0.3962			20			60
0.3959			20			60
0.3958			20			60
0.3935			20			60
0.395			20			60
0.3915			20			60
0.3978			20			60
0.4205			20			60
0.3957			20			60
0.3944			20			60
0.3972			20			60
0.3958			20			60
0.3921			20			60
0.4422			20			60
0.3983			20			60
0.3977			20			60
0.4419			20			60
0.4047			20			60
0.3964			20			60
0.3933			20			60
0.3954			20			60
0.4097			20			60
0.3952			20			60
0.9009			30			60
0.8979			30			60
0.9017			30			60
0.9017			30			60
0.9008			30			60
0.904			30			60
0.8998			30			60
1.0134			30			60
0.9017			30			60
0.9012			30			60
0.902			30			60
0.9373			30			60
0.9191			30			60
0.9411			30			60
0.9015			30			60
0.8991			30			60
0.9381			30			60
0.9075			30			60
0.8982			30			60
0.9025			30			60
0.9775			30			60
0.931			30			60
0.9306			30			60
0.9615			30			60
0.9044			30			60
0.9037			30			60
0.9271			30			60
0.8993			30			60
0.9009			30			60
0.9006			30			60
0.902			30			60
0.9062			30			60
0.9049			30			60
0.9751			30			60
0.9025			30			60
0.9007			30			60
0.9108			30			60
0.9015			30			60
0.9015			30			60
0.9621			30			60
0.9038			30			60
0.9477			30			60
0.9017			30			60
0.9012			30			60
0.9018			30			60
0.8991			30			60
0.899			30			60
0.9006			30			60
0.9006			30			60
0.9012			30			60
1.6377			40			60
1.6137			40			60
1.736			40			60
1.8724			40			60
1.6231			40			60
1.6162			40			60
1.7331			40			60
1.641			40			60
1.6135			40			60
1.8162			40			60
1.6784			40			60
1.6802			40			60
1.8069			40			60
1.6319			40			60
1.6182			40			60
1.6137			40			60
1.6163			40			60
1.8329			40			60
1.8679			40			60
1.6296			40			60
1.6493			40			60
1.6729			40			60
1.6135			40			60
1.6124			40			60
1.6363			40			60
1.6252			40			60
1.615			40			60
1.6162			40			60
1.6156			40			60
1.6511			40			60
1.7431			40			60
1.6162			40			60
1.63			40			60
1.6764			40			60
1.6146			40			60
1.787			40			60
1.7167			40			60
1.6122			40			60
1.6476			40			60
1.6165			40			60
1.6998			40			60
1.6155			40			60
1.617			40			60
1.6154			40			60
1.6336			40			60
1.7278			40			60
1.6142			40			60
1.6164			40			60
1.6138			40			60
1.616			40			60
2.6963			50			60
2.6144			50			60
2.6875			50			60
2.634			50			60
2.6148			50			60
2.5641			50			60
2.5524			50			60
2.628			50			60
2.5558			50			60
2.677			50			60
2.552			50			60
3.1384			50			60
2.5616			50			60
2.6389			50			60
2.5791			50			60
2.6577			50			60
2.5527			50			60
2.5539			50			60
2.6595			50			60
2.5496			50			60
2.5526			50			60
2.5515			50			60
2.7633			50			60
2.5623			50			60
2.6144			50			60
2.6057			50			60
2.5685			50			60
2.587			50			60
2.6205			50			60
2.6435			50			60
2.5632			50			60
2.5887			50			60
2.5562			50			60
2.6203			50			60
2.6077			50			60
2.5692			50			60
2.7414			50			60
2.604			50			60
2.6459			50			60
2.5507			50			60
2.589			50			60
2.5489			50			60
2.5505			50			60
2.5503			50			60
2.6375			50			60
2.5514			50			60
2.5599			50			60
2.6009			50			60
2.6452			50			60
2.5779			50			60
3.9047			60			60
3.8465			60			60
3.7108			60			60
3.7096			60			60
3.7119			60			60
3.7848			60			60
3.9121			60			60
3.7749			60			60
3.7113			60			60
3.7495			60			60
3.6961			60			60
3.6948			60			60
3.7603			60			60
3.9618			60			60
3.8431			60			60
3.897			60			60
3.9252			60			60
3.864			60			60
3.7222			60			60
3.6962			60			60
3.7074			60			60
3.701			60			60
3.702			60			60
3.7499			60			60
3.7244			60			60
3.7478			60			60
3.7037			60			60
3.6994			60			60
3.7008			60			60
3.7822			60			60
4.1923			60			60
3.7494			60			60
3.7855			60			60
3.8134			60			60
3.795			60			60
3.7698			60			60
3.7459			60			60
3.7128			60			60
3.7804			60			60
3.773			60			60
3.7027			60			60
3.8229			60			60
3.7705			60			60
3.7587			60			60
3.7009			60			60
3.7032			60			60
3.7663			60			60
3.7022			60			60
3.7343			60			60
3.8641			60			60
5.1528			70			60
5.0836			70			60
5.1231			70			60
5.3044			70			60
5.1385			70			60
5.2099			70			60
5.4678			70			60
5.2624			70			60
5.35			70			60
5.2715			70			60
5.0806			70			60
5.135			70			60
5.3182			70			60
5.2599			70			60
5.0679			70			60
5.1185			70			60
5.0726			70			60
5.5327			70			60
5.662			70			60
5.2925			70			60
5.2593			70			60
5.1217			70			60
5.0755			70			60
5.1862			70			60
5.2012			70			60
5.0859			70			60
5.1858			70			60
5.0651			70			60
5.276			70			60
5.3312			70			60
5.3905			70			60
5.2847			70			60
5.1325			70			60
5.1851			70			60
5.0866			70			60
5.1411			70			60
5.2179			70			60
5.0704			70			60
5.2267			70			60
5.2358			70			60
5.2557			70			60
5.4515			70			60
5.1262			70			60
5.203			70			60
5.2395			70			60
5.3323			70			60
5.1974			70			60
5.3002			70			60
5.3869			70			60
5.0772			70			60
0.1053			10			99
0.1036			10			99
0.101			10			99
0.1002			10			99
0.101			10			99
0.1089			10			99
0.1039			10			99
0.1035			10			99
0.1024			10			99
0.1003			10			99
0.1048			10			99
0.1018			10			99
0.1004			10			99
0.1013			10			99
0.105			10			99
0.1069			10			99
0.1021			10			99
0.1003			10			99
0.1003			10			99
0.1032			10			99
0.1004			10			99
0.1002			10			99
0.1			10			99
0.1245			10			99
0.1058			10			99
0.1048			10			99
0.1062			10			99
0.1033			10			99
0.1038			10			99
0.1008			10			99
0.0998			10			99
0.1024			10			99
0.1031			10			99
0.1055			10			99
0.1036			10			99
0.1043			10			99
0.1031			10			99
0.1025			10			99
0.1008			10			99
0.1002			10			99
0.1019			10			99
0.1011			10			99
0.1054			10			99
0.104			10			99
0.1023			10			99
0.1005			10			99
0.1022			10			99
0.1024			10			99
0.1018			10			99
0.1004			10			99
0.3941			20			99
0.3983			20			99
0.3941			20			99
0.3971			20			99
0.3946			20			99
0.3976			20			99
0.3936			20			99
0.3957			20			99
0.3935			20			99
0.3979			20			99
0.3927			20			99
0.3974			20			99
0.3925			20			99
0.3957			20			99
0.3944			20			99
0.3935			20			99
0.3959			20			99
0.4007			20			99
0.3973			20			99
0.3931			20			99
0.4071			20			99
0.3977			20			99
0.3949			20			99
0.3957			20			99
0.3932			20			99
0.3967			20			99
0.3959			20			99
0.3938			20			99
0.3969			20			99
0.3952			20			99
0.4679			20			99
0.3927			20			99
0.4027			20			99
0.457			20			99
0.3961			20			99
0.3944			20			99
0.4017			20			99
0.3977			20			99
0.3975			20			99
0.3933			20			99
0.3962			20			99
0.4797			20			99
0.3953			20			99
0.3915			20			99
0.4032			20			99
0.3972			20			99
0.3977			20			99
0.3948			20			99
0.3978			20			99
0.3969			20			99
0.9619			30			99
0.9123			30			99
0.9021			30			99
0.9019			30			99
0.9016			30			99
0.9047			30			99
0.925			30			99
0.9115			30			99
0.8975			30			99
0.9027			30			99
0.9035			30			99
0.9098			30			99
0.9043			30			99
0.9024			30			99
0.9034			30			99
0.9849			30			99
0.9926			30			99
0.904			30			99
0.8989			30			99
0.9011			30			99
0.903			30			99
0.9114			30			99
0.9685			30			99
0.9014			30			99
0.9031			30			99
0.9003			30			99
0.9108			30			99
0.9004			30			99
0.9031			30			99
0.9018			30			99
0.9829			30			99
0.9111			30			99
0.9639			30			99
0.9031			30			99
0.9215			30			99
0.902			30			99
0.9033			30			99
0.9016			30			99
0.9001			30			99
0.9064			30			99
0.8997			30			99
0.903			30			99
0.903			30			99
1.1895			30			99
0.9648			30			99
0.9019			30			99
0.9032			30			99
0.904			30			99
0.9736			30			99
0.903			30			99
1.6424			40			99
1.6597			40			99
1.7225			40			99
1.6206			40			99
1.6997			40			99
1.6152			40			99
1.6181			40			99
1.6149			40			99
1.6161			40			99
1.7528			40			99
1.6187			40			99
1.6352			40			99
1.6194			40			99
1.6159			40			99
1.6503			40			99
1.7064			40			99
1.6769			40			99
1.6175			40			99
1.6858			40			99
1.6893			40			99
1.6169			40			99
1.6147			40			99
1.6171			40			99
1.6166			40			99
1.6196			40			99
1.6696			40			99
1.6166			40			99
1.6187			40			99
1.6749			40			99
1.6336			40			99
1.616			40			99
1.651			40			99
1.6764			40			99
1.6283			40			99
1.6759			40			99
1.6366			40			99
1.6159			40			99
1.6209			40			99
1.6771			40			99
1.6204			40			99
1.6789			40			99
1.7187			40			99
1.6164			40			99
1.6148			40			99
1.6733			40			99
1.6171			40			99
1.6155			40			99
1.6189			40			99
1.7586			40			99
1.6162			40			99
2.5706			50			99
2.7132			50			99
2.5529			50			99
2.5557			50			99
2.5683			50			99
2.6106			50			99
2.6216			50			99
2.5536			50			99
2.8513			50			99
2.5505			50			99
2.5512			50			99
2.7222			50			99
2.8607			50			99
2.6793			50			99
2.6488			50			99
2.7072			50			99
2.5563			50			99
2.6408			50			99
2.5524			50			99
2.56			50			99
2.5534			50			99
2.5669			50			99
2.6203			50			99
2.6946			50			99
2.6751			50			99
2.5489			50			99
2.5647			50			99
2.619			50			99
2.5536			50			99
2.6944			50			99
2.5803			50			99
2.8136			50			99
2.555			50			99
2.6437			50			99
2.5656			50			99
2.5554			50			99
2.5522			50			99
2.5656			50			99
2.597			50			99
2.5519			50			99
2.6725			50			99
2.5509			50			99
2.7047			50			99
2.605			50			99
2.6475			50			99
2.5531			50			99
2.7218			50			99
2.5697			50			99
2.6379			50			99
2.6263			50			99
3.7185			60			99
3.6996			60			99
3.7016			60			99
3.7021			60			99
3.7922			60			99
3.7351			60			99
3.7953			60			99
3.7115			60			99
3.6993			60			99
3.6977			60			99
3.7446			60			99
3.8943			60			99
3.7407			60			99
3.7429			60			99
3.6942			60			99
3.6969			60			99
3.7072			60			99
3.7118			60			99
3.7197			60			99
3.8107			60			99
3.8102			60			99
3.8914			60			99
3.8487			60			99
3.7075			60			99
3.697			60			99
3.6973			60			99
3.7129			60			99
3.7944			60			99
3.7144			60			99
3.7231			60			99
3.7014			60			99
3.7016			60			99
3.7008			60			99
3.8003			60			99
3.8836			60			99
3.7976			60			99
3.7123			60			99
3.7008			60			99
3.6975			60			99
3.6987			60			99
3.7824			60			99
3.7022			60			99
3.7361			60			99
3.7535			60			99
3.716			60			99
3.7004			60			99
3.9125			60			99
4.0844			60			99
3.7633			60			99
3.7007			60			99
5.1425			70			99
5.1662			70			99
5.1788			70			99
5.652			70			99
5.8928			70			99
5.4962			70			99
5.1713			70			99
5.201			70			99
5.2458			70			99
5.2782			70			99
5.25			70			99
5.3446			70			99
5.0672			70			99
5.0686			70			99
5.8182			70			99
5.3253			70			99
5.2063			70			99
5.1583			70			99
5.1262			70			99
5.0764			70			99
5.2508			70			99
5.2307			70			99
5.1871			70			99
5.0666			70			99
5.3347			70			99
5.3147			70			99
5.258			70			99
5.2592			70			99
5.1853			70			99
5.0744			70			99
5.2262			70			99
5.1514			70			99
5.1273			70			99
5.2117			70			99
5.1305			70			99
5.1595			70			99
5.3476			70			99
5.277			70			99
5.1651			70			99
5.2232			70			99
5.0855			70			99
5.2835			70			99
5.2619			70			99
5.0664			70			99
5.1656			70			99
5.1985			70			99
5.2401			70			99
5.3244			70			99
5.6349			70			99
5.1636			70			99
