Czas operacji[ms]	V	Gestosc
Czas operacji[ms]	V	Gestosc
0.1509			10			20
0.0315			10			20
0.0317			10			20
0.0283			10			20
0.0509			10			20
0.0309			10			20
0.0315			10			20
0.0418			10			20
0.0329			10			20
0.0433			10			20
0.0365			10			20
0.0308			10			20
0.0301			10			20
0.0421			10			20
0.0369			10			20
0.0323			10			20
0.036			10			20
0.0312			10			20
0.0317			10			20
0.0423			10			20
0.0296			10			20
0.0286			10			20
0.0458			10			20
0.0291			10			20
0.0474			10			20
0.0267			10			20
0.0432			10			20
0.0312			10			20
0.0419			10			20
0.0407			10			20
0.0281			10			20
0.0314			10			20
0.0309			10			20
0.0324			10			20
0.054			10			20
0.0295			10			20
0.0305			10			20
0.0299			10			20
0.0309			10			20
0.0389			10			20
0.0448			10			20
0.031			10			20
0.0284			10			20
0.0307			10			20
0.0441			10			20
0.0289			10			20
0.053			10			20
0.0302			10			20
0.0331			10			20
0.0287			10			20
0.0685			20			20
0.0844			20			20
0.0746			20			20
0.0678			20			20
0.0721			20			20
0.0761			20			20
0.0848			20			20
0.0737			20			20
0.0693			20			20
0.0644			20			20
0.0706			20			20
0.0695			20			20
0.0833			20			20
0.0685			20			20
0.0698			20			20
0.0677			20			20
0.0692			20			20
0.0796			20			20
0.0697			20			20
0.0723			20			20
0.0628			20			20
0.0719			20			20
0.0829			20			20
0.0711			20			20
0.0715			20			20
0.0666			20			20
0.0887			20			20
0.135			20			20
0.0706			20			20
0.0675			20			20
0.0696			20			20
0.0706			20			20
0.0835			20			20
0.068			20			20
0.0719			20			20
0.0746			20			20
0.0709			20			20
0.0717			20			20
0.2648			20			20
0.0727			20			20
0.0695			20			20
0.0674			20			20
0.0889			20			20
0.0704			20			20
0.075			20			20
0.0675			20			20
0.0727			20			20
0.0682			20			20
0.0783			20			20
0.0695			20			20
0.1128			30			20
0.1592			30			20
0.1087			30			20
0.1157			30			20
0.1303			30			20
0.1177			30			20
0.1217			30			20
0.11			30			20
0.1145			30			20
0.1104			30			20
0.1188			30			20
0.1121			30			20
0.1116			30			20
0.1144			30			20
0.1638			30			20
0.1374			30			20
0.1182			30			20
0.1216			30			20
0.1119			30			20
0.1197			30			20
0.1233			30			20
0.1138			30			20
0.1285			30			20
0.1137			30			20
0.1097			30			20
0.1365			30			20
0.111			30			20
0.1073			30			20
0.1452			30			20
0.1146			30			20
0.1174			30			20
0.1122			30			20
0.125			30			20
0.1118			30			20
0.1289			30			20
0.1727			30			20
0.1213			30			20
0.1104			30			20
0.1197			30			20
0.1132			30			20
0.1251			30			20
0.1161			30			20
0.1292			30			20
0.1129			30			20
0.1165			30			20
0.4341			30			20
0.1224			30			20
0.1226			30			20
0.1147			30			20
0.1525			30			20
0.1677			40			20
0.1739			40			20
0.149			40			20
0.1508			40			20
0.1915			40			20
0.1682			40			20
0.2025			40			20
0.1567			40			20
0.1596			40			20
0.1691			40			20
0.152			40			20
0.1745			40			20
0.1656			40			20
0.1586			40			20
0.1612			40			20
0.1544			40			20
0.1651			40			20
0.151			40			20
0.1682			40			20
0.1611			40			20
0.1539			40			20
0.1747			40			20
0.1665			40			20
0.1666			40			20
0.1927			40			20
0.1597			40			20
0.1608			40			20
0.1909			40			20
0.1554			40			20
0.1709			40			20
0.6214			40			20
0.1588			40			20
0.171			40			20
0.1713			40			20
0.1722			40			20
0.1514			40			20
0.161			40			20
0.1762			40			20
0.1595			40			20
0.1538			40			20
0.1625			40			20
0.173			40			20
0.1539			40			20
0.1597			40			20
0.1945			40			20
0.1723			40			20
0.1621			40			20
0.1626			40			20
0.1678			40			20
0.1599			40			20
0.2315			50			20
0.2336			50			20
0.2183			50			20
0.2156			50			20
0.2081			50			20
0.2297			50			20
0.3743			50			20
0.2101			50			20
0.2115			50			20
0.2386			50			20
0.2123			50			20
0.2053			50			20
0.2577			50			20
0.2912			50			20
0.2295			50			20
0.2216			50			20
0.21			50			20
0.2126			50			20
0.2042			50			20
0.2204			50			20
0.3253			50			20
0.1999			50			20
0.2152			50			20
0.2141			50			20
0.2109			50			20
0.2086			50			20
0.2234			50			20
0.2253			50			20
0.246			50			20
0.1954			50			20
0.219			50			20
0.2115			50			20
0.2297			50			20
0.214			50			20
0.2239			50			20
0.2121			50			20
0.2123			50			20
0.2145			50			20
0.2042			50			20
0.2668			50			20
0.2063			50			20
0.21			50			20
0.2024			50			20
0.2123			50			20
0.2676			50			20
0.2083			50			20
0.2053			50			20
0.206			50			20
0.1994			50			20
0.2125			50			20
0.2831			60			20
0.2732			60			20
0.2583			60			20
0.2988			60			20
0.2591			60			20
0.2932			60			20
0.2757			60			20
0.3049			60			20
0.2723			60			20
0.3015			60			20
0.254			60			20
0.2608			60			20
0.2778			60			20
0.3476			60			20
0.3586			60			20
0.2662			60			20
0.2755			60			20
0.2536			60			20
0.2652			60			20
0.269			60			20
0.2691			60			20
0.3451			60			20
0.3223			60			20
0.2801			60			20
0.2816			60			20
0.2887			60			20
0.2705			60			20
0.2647			60			20
0.2684			60			20
0.2694			60			20
0.2703			60			20
0.2755			60			20
0.349			60			20
0.2625			60			20
0.2616			60			20
0.2904			60			20
0.2569			60			20
0.2858			60			20
0.3007			60			20
0.2797			60			20
0.2513			60			20
0.2449			60			20
0.265			60			20
0.269			60			20
0.2645			60			20
0.2623			60			20
0.2819			60			20
0.2724			60			20
0.2752			60			20
0.2941			60			20
0.4159			70			20
0.3212			70			20
0.3025			70			20
0.3421			70			20
0.3204			70			20
0.314			70			20
0.3086			70			20
0.328			70			20
0.3246			70			20
0.3346			70			20
0.3094			70			20
0.3099			70			20
0.3156			70			20
0.3291			70			20
0.375			70			20
0.3282			70			20
0.3168			70			20
0.3098			70			20
0.3216			70			20
0.3309			70			20
0.2992			70			20
0.3112			70			20
0.347			70			20
0.3312			70			20
0.4628			70			20
0.3252			70			20
0.322			70			20
0.3255			70			20
0.3622			70			20
0.3175			70			20
0.3303			70			20
0.3349			70			20
0.4242			70			20
0.3037			70			20
0.3321			70			20
0.4141			70			20
0.3087			70			20
0.4007			70			20
0.3296			70			20
0.3008			70			20
0.3423			70			20
0.3875			70			20
0.3244			70			20
0.335			70			20
0.3554			70			20
0.4674			70			20
0.3319			70			20
0.3193			70			20
0.3823			70			20
0.3277			70			20
0.0407			10			60
0.0474			10			60
0.0441			10			60
0.0378			10			60
0.0408			10			60
0.0349			10			60
0.0408			10			60
0.0399			10			60
0.0395			10			60
0.0442			10			60
0.0571			10			60
0.0367			10			60
0.0401			10			60
0.0414			10			60
0.0382			10			60
0.0385			10			60
0.0389			10			60
0.0395			10			60
0.0453			10			60
0.0371			10			60
0.0468			10			60
0.0387			10			60
0.0319			10			60
0.0384			10			60
0.0365			10			60
0.0426			10			60
0.0476			10			60
0.0383			10			60
0.0396			10			60
0.0419			10			60
0.0524			10			60
0.0355			10			60
0.0406			10			60
0.0408			10			60
0.0437			10			60
0.0409			10			60
0.042			10			60
0.0395			10			60
0.0356			10			60
0.0393			10			60
0.0451			10			60
0.044			10			60
0.0391			10			60
0.0414			10			60
0.037			10			60
0.0389			10			60
0.0358			10			60
0.0369			10			60
0.0493			10			60
0.0388			10			60
0.086			20			60
0.0877			20			60
0.0956			20			60
0.0878			20			60
0.0924			20			60
0.1007			20			60
0.1441			20			60
0.0909			20			60
0.0897			20			60
0.0946			20			60
0.0835			20			60
0.09			20			60
0.0912			20			60
0.0888			20			60
0.0865			20			60
0.091			20			60
0.0995			20			60
0.0911			20			60
0.0992			20			60
0.0864			20			60
0.102			20			60
0.0872			20			60
0.0853			20			60
0.101			20			60
0.094			20			60
0.0956			20			60
0.087			20			60
0.0952			20			60
0.0899			20			60
0.0906			20			60
0.1047			20			60
0.0909			20			60
0.0858			20			60
0.0922			20			60
0.0995			20			60
0.0836			20			60
0.0891			20			60
0.0892			20			60
0.0817			20			60
0.0918			20			60
0.0863			20			60
0.1125			20			60
0.0925			20			60
0.0991			20			60
0.0928			20			60
0.0937			20			60
0.1101			20			60
0.085			20			60
0.0846			20			60
0.0903			20			60
0.1422			30			60
0.1442			30			60
0.1645			30			60
0.2037			30			60
0.1521			30			60
0.1532			30			60
0.1553			30			60
0.1395			30			60
0.158			30			60
0.1549			30			60
0.148			30			60
0.1423			30			60
0.1398			30			60
0.1405			30			60
0.1432			30			60
0.1567			30			60
0.1658			30			60
0.145			30			60
0.1419			30			60
0.1426			30			60
0.1667			30			60
0.1398			30			60
0.1477			30			60
0.1456			30			60
0.1448			30			60
0.1504			30			60
0.1379			30			60
0.142			30			60
0.1356			30			60
0.1439			30			60
0.1501			30			60
0.1523			30			60
0.1623			30			60
0.1531			30			60
0.1461			30			60
0.1626			30			60
0.1457			30			60
0.1482			30			60
0.141			30			60
0.1421			30			60
0.1591			30			60
0.1429			30			60
0.1537			30			60
0.1361			30			60
0.1755			30			60
0.143			30			60
0.1616			30			60
0.148			30			60
0.1501			30			60
0.1445			30			60
0.2006			40			60
0.209			40			60
0.2001			40			60
0.2297			40			60
0.2028			40			60
0.1945			40			60
0.2296			40			60
0.2807			40			60
0.2402			40			60
0.2059			40			60
0.1994			40			60
0.2032			40			60
0.2			40			60
0.2155			40			60
0.2254			40			60
0.206			40			60
0.2065			40			60
0.216			40			60
0.2727			40			60
0.2257			40			60
0.2053			40			60
0.202			40			60
0.1953			40			60
0.3099			40			60
0.1907			40			60
0.1957			40			60
0.1928			40			60
0.1939			40			60
0.2209			40			60
0.2039			40			60
0.2643			40			60
0.1998			40			60
0.2012			40			60
0.2058			40			60
0.2017			40			60
0.2084			40			60
0.205			40			60
0.1917			40			60
0.2021			40			60
0.3064			40			60
0.2076			40			60
0.2041			40			60
0.2716			40			60
0.1877			40			60
0.227			40			60
0.3182			40			60
0.1947			40			60
0.1995			40			60
0.1996			40			60
0.2812			40			60
0.4078			50			60
0.2959			50			60
0.2928			50			60
0.3373			50			60
0.3013			50			60
0.2689			50			60
0.2738			50			60
0.2655			50			60
0.2776			50			60
0.2641			50			60
0.2581			50			60
0.2566			50			60
0.2686			50			60
0.2637			50			60
0.2433			50			60
0.3712			50			60
0.2645			50			60
0.2679			50			60
0.2482			50			60
0.2607			50			60
0.2851			50			60
0.2614			50			60
0.314			50			60
0.2605			50			60
0.2713			50			60
0.2809			50			60
0.2678			50			60
0.3323			50			60
0.2709			50			60
0.3341			50			60
0.2699			50			60
0.3415			50			60
0.3284			50			60
0.2958			50			60
0.2779			50			60
0.2497			50			60
0.5104			50			60
0.2548			50			60
0.298			50			60
0.2655			50			60
0.2859			50			60
0.2576			50			60
0.2546			50			60
0.2662			50			60
0.2676			50			60
0.2553			50			60
0.2637			50			60
0.2694			50			60
0.2826			50			60
0.2701			50			60
0.4007			60			60
0.3301			60			60
0.3332			60			60
0.3581			60			60
0.3329			60			60
0.3306			60			60
0.3754			60			60
0.3351			60			60
0.32			60			60
0.3278			60			60
0.3217			60			60
0.338			60			60
0.334			60			60
0.398			60			60
0.3371			60			60
0.3217			60			60
0.3921			60			60
0.3372			60			60
0.3206			60			60
0.3178			60			60
0.3516			60			60
0.3262			60			60
0.3299			60			60
0.3192			60			60
0.3283			60			60
0.3894			60			60
0.3464			60			60
0.3195			60			60
0.3246			60			60
0.3102			60			60
0.3353			60			60
0.8594			60			60
0.3185			60			60
0.3869			60			60
0.3252			60			60
0.3401			60			60
0.3367			60			60
0.3214			60			60
0.4087			60			60
0.3107			60			60
0.3126			60			60
0.495			60			60
0.3293			60			60
0.3225			60			60
0.3234			60			60
0.334			60			60
0.3744			60			60
0.3329			60			60
0.357			60			60
0.3056			60			60
0.4042			70			60
0.4253			70			60
0.6395			70			60
0.4393			70			60
0.4409			70			60
0.3705			70			60
0.3845			70			60
0.4031			70			60
0.4124			70			60
0.4587			70			60
0.5393			70			60
0.396			70			60
0.4185			70			60
0.3805			70			60
0.5565			70			60
0.4532			70			60
0.4637			70			60
0.4455			70			60
0.3887			70			60
0.3842			70			60
0.3741			70			60
0.3868			70			60
0.5406			70			60
0.4195			70			60
0.4013			70			60
0.3956			70			60
0.4246			70			60
0.3772			70			60
0.4017			70			60
0.4464			70			60
0.4524			70			60
0.5713			70			60
0.4152			70			60
0.4725			70			60
0.3789			70			60
0.4113			70			60
0.3885			70			60
0.3919			70			60
0.4049			70			60
0.452			70			60
0.4792			70			60
0.3834			70			60
0.3835			70			60
0.5376			70			60
0.3902			70			60
0.5305			70			60
0.3978			70			60
0.3993			70			60
0.4164			70			60
0.4407			70			60
0.0499			10			99
0.0743			10			99
0.046			10			99
0.0395			10			99
0.0423			10			99
0.0655			10			99
0.0442			10			99
0.0464			10			99
0.0425			10			99
0.0406			10			99
0.0424			10			99
0.046			10			99
0.047			10			99
0.0417			10			99
0.0432			10			99
0.0472			10			99
0.0434			10			99
0.0435			10			99
0.0475			10			99
0.0437			10			99
0.0429			10			99
0.044			10			99
0.0593			10			99
0.0382			10			99
0.0474			10			99
0.0415			10			99
0.0536			10			99
0.0435			10			99
0.0488			10			99
0.0365			10			99
0.0467			10			99
0.0418			10			99
0.0377			10			99
0.0449			10			99
0.0433			10			99
0.045			10			99
0.0475			10			99
0.0393			10			99
0.0448			10			99
0.0459			10			99
0.0381			10			99
0.0427			10			99
0.0457			10			99
0.0456			10			99
0.039			10			99
0.0419			10			99
0.0422			10			99
0.049			10			99
0.0446			10			99
0.0451			10			99
0.0955			20			99
0.0907			20			99
0.0895			20			99
0.0992			20			99
0.0943			20			99
0.0981			20			99
0.0926			20			99
0.1039			20			99
0.1016			20			99
0.1001			20			99
0.0971			20			99
0.0997			20			99
0.1144			20			99
0.1106			20			99
0.0935			20			99
0.0984			20			99
0.1011			20			99
0.0984			20			99
0.1482			20			99
0.1035			20			99
0.0994			20			99
0.101			20			99
0.1068			20			99
0.1033			20			99
0.1075			20			99
0.0973			20			99
0.0959			20			99
0.0954			20			99
0.1385			20			99
0.0935			20			99
0.1636			20			99
0.1061			20			99
0.114			20			99
0.1004			20			99
0.0955			20			99
0.0973			20			99
0.0997			20			99
0.0892			20			99
0.0969			20			99
0.0926			20			99
0.0983			20			99
0.0999			20			99
0.1104			20			99
0.0911			20			99
0.1111			20			99
0.0966			20			99
0.0951			20			99
0.1015			20			99
0.0942			20			99
0.1006			20			99
0.1526			30			99
0.1514			30			99
0.1448			30			99
0.1571			30			99
0.1577			30			99
0.2236			30			99
0.1468			30			99
0.1532			30			99
0.1558			30			99
0.1715			30			99
0.2645			30			99
0.1524			30			99
0.1594			30			99
0.1562			30			99
0.1644			30			99
0.1486			30			99
0.1479			30			99
0.1568			30			99
0.1745			30			99
0.1494			30			99
0.1595			30			99
0.1593			30			99
0.2457			30			99
0.159			30			99
0.1546			30			99
0.1641			30			99
0.1579			30			99
0.1442			30			99
0.153			30			99
0.1479			30			99
0.164			30			99
0.1563			30			99
0.1391			30			99
0.1611			30			99
0.1538			30			99
0.1663			30			99
0.1541			30			99
0.1512			30			99
0.1647			30			99
0.156			30			99
0.1597			30			99
0.1665			30			99
0.2234			30			99
0.1537			30			99
0.1535			30			99
0.1617			30			99
0.1646			30			99
0.1367			30			99
0.1589			30			99
0.1477			30			99
0.2255			40			99
0.2186			40			99
0.2106			40			99
0.2028			40			99
0.2408			40			99
0.2133			40			99
0.2334			40			99
0.2418			40			99
0.3091			40			99
0.2193			40			99
0.2527			40			99
0.2289			40			99
0.2307			40			99
0.2312			40			99
0.214			40			99
0.2094			40			99
0.2314			40			99
0.2193			40			99
0.2321			40			99
0.2122			40			99
0.3162			40			99
0.2119			40			99
0.2308			40			99
0.2415			40			99
0.2235			40			99
0.2586			40			99
0.222			40			99
0.2272			40			99
0.215			40			99
0.2244			40			99
0.2201			40			99
0.222			40			99
0.2168			40			99
0.2193			40			99
0.2143			40			99
0.2088			40			99
0.2799			40			99
0.2284			40			99
0.2256			40			99
0.2394			40			99
0.2088			40			99
0.2147			40			99
0.2234			40			99
0.2318			40			99
0.2035			40			99
0.2352			40			99
0.2338			40			99
0.2099			40			99
0.2223			40			99
0.2387			40			99
0.2954			50			99
0.2945			50			99
0.3215			50			99
0.2826			50			99
0.2704			50			99
0.2801			50			99
0.3246			50			99
0.273			50			99
0.3404			50			99
0.292			50			99
0.2784			50			99
0.3355			50			99
0.2855			50			99
0.2832			50			99
0.3646			50			99
0.2983			50			99
0.2976			50			99
0.2966			50			99
0.3064			50			99
0.283			50			99
0.2983			50			99
0.3328			50			99
0.3529			50			99
0.2814			50			99
0.3017			50			99
0.2978			50			99
0.2905			50			99
0.3701			50			99
0.3034			50			99
0.2944			50			99
0.2824			50			99
0.2911			50			99
0.2748			50			99
0.2976			50			99
0.2941			50			99
0.283			50			99
0.2874			50			99
0.2998			50			99
0.5215			50			99
0.2934			50			99
0.2904			50			99
0.2959			50			99
0.2754			50			99
0.8481			50			99
0.2785			50			99
0.3297			50			99
0.4185			50			99
0.2679			50			99
0.2807			50			99
0.3161			50			99
0.4224			60			99
0.3686			60			99
0.3537			60			99
0.3672			60			99
0.529			60			99
0.3693			60			99
0.3616			60			99
0.3436			60			99
0.3585			60			99
0.3647			60			99
0.4239			60			99
0.3503			60			99
0.3519			60			99
0.3748			60			99
0.4477			60			99
0.3975			60			99
0.3419			60			99
0.3713			60			99
0.3566			60			99
0.3737			60			99
0.3512			60			99
0.4008			60			99
0.5584			60			99
0.3544			60			99
0.3565			60			99
0.3601			60			99
0.3771			60			99
0.4225			60			99
0.3535			60			99
0.3729			60			99
0.43			60			99
0.3545			60			99
0.3855			60			99
0.435			60			99
0.3684			60			99
0.3513			60			99
0.3554			60			99
0.4091			60			99
0.3341			60			99
0.3467			60			99
0.3534			60			99
0.3619			60			99
0.3534			60			99
0.376			60			99
0.3571			60			99
0.3977			60			99
0.407			60			99
0.3519			60			99
0.3461			60			99
0.3587			60			99
0.5457			70			99
0.4261			70			99
0.4416			70			99
0.5038			70			99
0.5796			70			99
0.7006			70			99
0.4148			70			99
0.4334			70			99
0.4881			70			99
0.5543			70			99
0.4772			70			99
0.442			70			99
0.4385			70			99
0.4425			70			99
0.4467			70			99
0.5307			70			99
0.4889			70			99
0.6084			70			99
0.4429			70			99
0.4866			70			99
0.5019			70			99
0.5871			70			99
0.6271			70			99
0.4742			70			99
0.6078			70			99
0.4346			70			99
0.4317			70			99
0.4568			70			99
0.4362			70			99
0.4285			70			99
0.4406			70			99
0.4227			70			99
0.4271			70			99
0.4888			70			99
0.4912			70			99
0.4697			70			99
0.4801			70			99
0.4679			70			99
0.4401			70			99
0.4346			70			99
0.416			70			99
0.5213			70			99
0.5702			70			99
0.4743			70			99
0.769			70			99
0.4985			70			99
0.5092			70			99
0.4801			70			99
0.7126			70			99
0.4793			70			99
