Czas operacji[ms]	V	Gestosc
1.7353			100			20
0.375			100			20
0.3731			100			20
0.3536			100			20
0.3591			100			20
0.3571			100			20
0.3531			100			20
0.5236			100			20
0.3567			100			20
0.3541			100			20
0.3558			100			20
0.3502			100			20
0.3424			100			20
0.3501			100			20
0.3866			100			20
0.3505			100			20
0.3631			100			20
0.3629			100			20
0.3763			100			20
0.3683			100			20
0.342			100			20
0.3521			100			20
0.3427			100			20
0.349			100			20
0.3603			100			20
0.357			100			20
0.359			100			20
0.3514			100			20
0.3682			100			20
0.366			100			20
0.352			100			20
0.3814			100			20
0.3823			100			20
0.3549			100			20
0.3558			100			20
0.3491			100			20
0.3599			100			20
0.3614			100			20
0.3436			100			20
0.355			100			20
0.3571			100			20
0.3711			100			20
0.3542			100			20
0.3653			100			20
0.3443			100			20
0.3408			100			20
0.3574			100			20
0.3448			100			20
0.3614			100			20
0.3636			100			20
0.8619			200			20
0.8936			200			20
0.8959			200			20
0.9251			200			20
0.8696			200			20
0.885			200			20
0.8696			200			20
0.8462			200			20
0.8664			200			20
0.9023			200			20
0.8555			200			20
0.8444			200			20
0.889			200			20
0.8569			200			20
0.8719			200			20
0.8932			200			20
0.8597			200			20
0.8487			200			20
0.8652			200			20
0.8721			200			20
0.8564			200			20
0.8879			200			20
0.8684			200			20
0.9178			200			20
0.8365			200			20
0.8534			200			20
0.8533			200			20
0.8607			200			20
0.8275			200			20
0.9423			200			20
0.8778			200			20
0.8655			200			20
0.8553			200			20
0.9204			200			20
0.8795			200			20
0.9166			200			20
0.8284			200			20
0.8391			200			20
0.8508			200			20
1.0951			200			20
0.8726			200			20
0.843			200			20
0.8951			200			20
0.868			200			20
0.8574			200			20
0.9215			200			20
0.921			200			20
0.8832			200			20
0.867			200			20
0.8936			200			20
1.5017			300			20
1.5863			300			20
1.5017			300			20
1.472			300			20
1.4682			300			20
1.4724			300			20
1.4858			300			20
2.1878			300			20
1.5897			300			20
1.4544			300			20
1.4748			300			20
1.4612			300			20
1.476			300			20
1.5245			300			20
1.4718			300			20
1.4935			300			20
1.5093			300			20
1.5178			300			20
1.4535			300			20
1.4958			300			20
1.4678			300			20
1.4721			300			20
1.5083			300			20
1.7197			300			20
1.4363			300			20
1.4645			300			20
1.5086			300			20
1.4775			300			20
1.5038			300			20
1.6088			300			20
1.4351			300			20
1.5682			300			20
1.4698			300			20
1.5006			300			20
1.4515			300			20
1.4865			300			20
1.4926			300			20
1.4835			300			20
1.5895			300			20
1.4721			300			20
1.4551			300			20
1.6385			300			20
1.4821			300			20
1.4718			300			20
1.5197			300			20
1.4839			300			20
1.4976			300			20
1.5372			300			20
1.4637			300			20
1.4711			300			20
2.2194			400			20
2.1513			400			20
2.1497			400			20
2.3121			400			20
2.1329			400			20
2.174			400			20
2.1955			400			20
2.2103			400			20
2.3488			400			20
2.2145			400			20
2.1541			400			20
2.1369			400			20
2.1927			400			20
2.1518			400			20
2.2409			400			20
2.1631			400			20
2.1574			400			20
2.2153			400			20
2.2394			400			20
2.1678			400			20
2.2868			400			20
2.1893			400			20
2.2108			400			20
2.1458			400			20
2.1226			400			20
2.2356			400			20
2.1978			400			20
2.2871			400			20
2.1771			400			20
2.1281			400			20
2.1739			400			20
2.1859			400			20
2.1813			400			20
2.1846			400			20
2.2935			400			20
2.1947			400			20
2.1607			400			20
2.1644			400			20
2.1805			400			20
2.1809			400			20
2.157			400			20
2.177			400			20
2.2408			400			20
2.1977			400			20
2.1104			400			20
2.2168			400			20
2.2124			400			20
2.1893			400			20
2.2194			400			20
2.1435			400			20
2.8572			500			20
2.919			500			20
2.9398			500			20
3.0829			500			20
3.142			500			20
3.0417			500			20
3.0141			500			20
2.977			500			20
2.9267			500			20
2.9402			500			20
3.0435			500			20
2.8982			500			20
3.0065			500			20
2.957			500			20
2.9776			500			20
2.9693			500			20
2.892			500			20
2.8686			500			20
3.0819			500			20
2.8645			500			20
2.8592			500			20
2.9876			500			20
2.9103			500			20
2.927			500			20
3.3188			500			20
2.9265			500			20
2.9391			500			20
3.0027			500			20
2.8885			500			20
3.1425			500			20
3.0453			500			20
2.9278			500			20
2.9744			500			20
3.1131			500			20
2.9781			500			20
2.9599			500			20
2.9133			500			20
2.8741			500			20
2.9711			500			20
2.9274			500			20
2.9332			500			20
2.9647			500			20
3.002			500			20
2.8781			500			20
2.8648			500			20
2.9929			500			20
3.0232			500			20
3.0355			500			20
2.9293			500			20
3.0778			500			20
3.7902			600			20
4.1236			600			20
3.819			600			20
3.9629			600			20
3.8797			600			20
3.8946			600			20
3.8664			600			20
3.7566			600			20
3.9368			600			20
3.8901			600			20
3.7758			600			20
3.9073			600			20
3.8343			600			20
3.7642			600			20
3.8692			600			20
4.1034			600			20
3.8985			600			20
3.9106			600			20
3.9492			600			20
3.9353			600			20
3.8901			600			20
3.7403			600			20
3.7571			600			20
3.9962			600			20
3.9301			600			20
3.8242			600			20
3.7776			600			20
3.8616			600			20
4.0048			600			20
3.8388			600			20
4.3537			600			20
3.7638			600			20
3.9474			600			20
3.9104			600			20
3.9589			600			20
3.8732			600			20
3.7706			600			20
3.8911			600			20
3.8781			600			20
3.8708			600			20
3.9701			600			20
3.8008			600			20
3.8905			600			20
3.8042			600			20
3.7274			600			20
3.9916			600			20
3.7445			600			20
3.778			600			20
3.7403			600			20
3.8508			600			20
4.6573			700			20
5.1746			700			20
4.6861			700			20
4.901			700			20
5.1063			700			20
4.9015			700			20
4.7397			700			20
4.768			700			20
5.0599			700			20
4.8407			700			20
4.5391			700			20
4.9993			700			20
5.1279			700			20
4.9812			700			20
4.9246			700			20
4.666			700			20
4.9318			700			20
4.7112			700			20
4.9957			700			20
4.7967			700			20
4.7658			700			20
4.8231			700			20
5.0956			700			20
5.1095			700			20
5.0669			700			20
4.7881			700			20
4.8645			700			20
4.9706			700			20
4.8783			700			20
4.9252			700			20
4.9802			700			20
5.0349			700			20
4.9032			700			20
5.1351			700			20
4.8997			700			20
5.1035			700			20
4.7276			700			20
4.8492			700			20
4.9669			700			20
4.7616			700			20
4.9107			700			20
4.6449			700			20
5.0698			700			20
5.0429			700			20
5.041			700			20
4.9123			700			20
4.8899			700			20
4.8018			700			20
4.9608			700			20
5.0682			700			20
0.4023			100			60
0.4184			100			60
0.3762			100			60
0.386			100			60
0.383			100			60
0.388			100			60
0.3889			100			60
0.3866			100			60
0.3941			100			60
0.3783			100			60
0.446			100			60
0.4068			100			60
0.3697			100			60
0.4126			100			60
0.3924			100			60
0.3686			100			60
0.3792			100			60
0.3781			100			60
0.399			100			60
0.371			100			60
0.3895			100			60
0.3858			100			60
0.3788			100			60
0.3791			100			60
0.3907			100			60
0.3758			100			60
0.3718			100			60
0.3699			100			60
0.3771			100			60
0.38			100			60
0.3942			100			60
0.3781			100			60
0.3759			100			60
0.3935			100			60
0.3818			100			60
0.3897			100			60
0.3683			100			60
0.47			100			60
0.3824			100			60
0.3774			100			60
0.3958			100			60
0.3871			100			60
0.3855			100			60
0.3684			100			60
0.3742			100			60
0.386			100			60
0.3732			100			60
0.3886			100			60
0.4242			100			60
0.3699			100			60
0.8667			200			60
0.8879			200			60
0.8426			200			60
0.9094			200			60
0.8769			200			60
0.8742			200			60
0.9234			200			60
0.8568			200			60
0.8833			200			60
0.9799			200			60
0.8581			200			60
0.8708			200			60
0.8728			200			60
0.9041			200			60
0.8622			200			60
0.8608			200			60
0.8866			200			60
0.9255			200			60
0.8645			200			60
0.8643			200			60
0.8991			200			60
0.8777			200			60
0.8666			200			60
0.854			200			60
0.8759			200			60
0.8851			200			60
0.8634			200			60
0.8672			200			60
0.9342			200			60
0.8456			200			60
0.8977			200			60
0.8928			200			60
0.8444			200			60
0.8444			200			60
0.8723			200			60
0.8841			200			60
0.9139			200			60
0.9223			200			60
0.9431			200			60
0.9006			200			60
0.8464			200			60
0.8787			200			60
0.921			200			60
0.8999			200			60
0.8668			200			60
0.8439			200			60
0.8876			200			60
0.8574			200			60
0.8408			200			60
0.9149			200			60
1.4768			300			60
1.4852			300			60
1.4428			300			60
1.5989			300			60
1.5434			300			60
1.4565			300			60
1.4572			300			60
1.459			300			60
1.4332			300			60
1.4528			300			60
1.5551			300			60
1.4618			300			60
1.5595			300			60
1.4881			300			60
1.4815			300			60
1.4906			300			60
1.5665			300			60
1.4526			300			60
1.4427			300			60
1.5813			300			60
1.4719			300			60
1.4877			300			60
1.4718			300			60
1.5647			300			60
1.461			300			60
1.4283			300			60
1.4957			300			60
1.4745			300			60
1.4347			300			60
1.596			300			60
1.6262			300			60
1.4785			300			60
1.5029			300			60
1.4721			300			60
1.5171			300			60
1.5237			300			60
1.4705			300			60
1.4557			300			60
1.4856			300			60
1.4288			300			60
1.4625			300			60
1.442			300			60
1.5652			300			60
1.4551			300			60
1.4733			300			60
1.4633			300			60
1.4788			300			60
1.4307			300			60
1.4763			300			60
1.4852			300			60
2.1158			400			60
2.3456			400			60
2.1377			400			60
2.1544			400			60
2.1241			400			60
2.123			400			60
2.0843			400			60
2.1502			400			60
2.1219			400			60
2.1478			400			60
2.1408			400			60
2.1711			400			60
2.0975			400			60
2.0788			400			60
2.262			400			60
2.1312			400			60
2.2407			400			60
2.1152			400			60
2.1795			400			60
2.1435			400			60
2.1541			400			60
2.1516			400			60
2.1752			400			60
2.1426			400			60
2.1535			400			60
2.0636			400			60
2.1135			400			60
2.1349			400			60
2.1403			400			60
2.1592			400			60
2.1211			400			60
2.1045			400			60
2.107			400			60
2.1611			400			60
2.1265			400			60
2.1412			400			60
2.068			400			60
2.1283			400			60
2.1565			400			60
2.1472			400			60
2.132			400			60
2.1156			400			60
2.1154			400			60
2.141			400			60
2.1209			400			60
2.2551			400			60
2.1338			400			60
2.1098			400			60
2.1955			400			60
2.1434			400			60
2.8711			500			60
2.841			500			60
2.9012			500			60
2.8487			500			60
2.8692			500			60
2.8914			500			60
2.9134			500			60
2.8117			500			60
2.8727			500			60
2.8777			500			60
2.8381			500			60
3.1864			500			60
2.8467			500			60
2.9072			500			60
2.9327			500			60
2.8511			500			60
2.8633			500			60
2.8389			500			60
2.911			500			60
2.8561			500			60
2.826			500			60
3.1366			500			60
2.9141			500			60
2.8628			500			60
2.8228			500			60
2.8135			500			60
2.84			500			60
2.8535			500			60
2.8412			500			60
2.8274			500			60
2.8747			500			60
2.8042			500			60
2.9642			500			60
2.7881			500			60
2.8292			500			60
3.0147			500			60
2.8745			500			60
2.8715			500			60
2.8515			500			60
2.8902			500			60
2.8869			500			60
2.9089			500			60
2.8223			500			60
2.8458			500			60
2.8397			500			60
2.8464			500			60
2.905			500			60
2.843			500			60
2.8491			500			60
2.8946			500			60
3.6836			600			60
3.5924			600			60
3.7538			600			60
3.6518			600			60
3.6938			600			60
3.6277			600			60
3.7336			600			60
3.6361			600			60
3.8156			600			60
3.601			600			60
3.6484			600			60
3.7064			600			60
3.6684			600			60
3.7615			600			60
3.6173			600			60
3.767			600			60
3.7551			600			60
3.8251			600			60
3.8242			600			60
3.6753			600			60
3.6498			600			60
3.6698			600			60
3.6363			600			60
3.6236			600			60
3.5857			600			60
3.7388			600			60
3.6284			600			60
3.6842			600			60
3.6967			600			60
3.7069			600			60
3.9048			600			60
3.7346			600			60
3.6003			600			60
3.5894			600			60
3.7923			600			60
3.7571			600			60
3.6258			600			60
3.6303			600			60
3.6939			600			60
3.6674			600			60
3.6585			600			60
3.664			600			60
3.7274			600			60
3.587			600			60
3.5289			600			60
3.7437			600			60
3.6539			600			60
3.6663			600			60
3.5989			600			60
3.6409			600			60
4.5441			700			60
4.4438			700			60
4.4689			700			60
4.5124			700			60
4.5609			700			60
4.5637			700			60
4.5297			700			60
4.5569			700			60
4.4406			700			60
4.5512			700			60
4.5208			700			60
4.5892			700			60
4.5365			700			60
4.477			700			60
4.6048			700			60
4.9239			700			60
4.6019			700			60
4.5742			700			60
4.516			700			60
4.6401			700			60
4.5424			700			60
4.4834			700			60
4.4824			700			60
4.5129			700			60
4.7096			700			60
4.4507			700			60
4.6047			700			60
4.5402			700			60
4.4415			700			60
4.6808			700			60
4.5492			700			60
4.4955			700			60
4.5429			700			60
4.5516			700			60
4.6353			700			60
4.7705			700			60
4.5627			700			60
4.4048			700			60
4.672			700			60
4.5774			700			60
4.673			700			60
4.5402			700			60
4.5604			700			60
4.5105			700			60
4.4876			700			60
4.4282			700			60
4.4798			700			60
4.9174			700			60
4.4816			700			60
4.572			700			60
0.3791			100			99
0.3923			100			99
0.3918			100			99
0.3726			100			99
0.3632			100			99
0.3723			100			99
0.3603			100			99
0.3847			100			99
0.4042			100			99
0.3607			100			99
0.387			100			99
0.3672			100			99
0.3495			100			99
0.3672			100			99
0.3811			100			99
0.3701			100			99
0.4621			100			99
0.4772			100			99
0.3957			100			99
0.3651			100			99
0.373			100			99
0.3602			100			99
0.3787			100			99
0.4052			100			99
0.3748			100			99
0.3894			100			99
0.3716			100			99
0.3731			100			99
0.4045			100			99
0.4052			100			99
0.3912			100			99
0.3617			100			99
0.3719			100			99
0.3867			100			99
0.3741			100			99
0.4107			100			99
0.3644			100			99
0.378			100			99
0.3873			100			99
0.4062			100			99
0.3781			100			99
0.3725			100			99
0.3677			100			99
0.3597			100			99
0.3736			100			99
0.3954			100			99
0.3852			100			99
0.3756			100			99
0.365			100			99
0.3695			100			99
0.9822			200			99
0.8393			200			99
0.8737			200			99
0.8589			200			99
0.8517			200			99
0.8683			200			99
0.9025			200			99
0.8856			200			99
1.0084			200			99
0.8734			200			99
0.8509			200			99
0.8868			200			99
0.8737			200			99
0.8738			200			99
0.9061			200			99
0.8613			200			99
0.8401			200			99
0.8704			200			99
0.873			200			99
0.8562			200			99
0.8858			200			99
0.8798			200			99
0.9312			200			99
0.8357			200			99
0.903			200			99
0.8507			200			99
0.8735			200			99
1.0265			200			99
0.8451			200			99
0.8803			200			99
0.8876			200			99
0.9149			200			99
0.8271			200			99
0.825			200			99
0.8794			200			99
0.9147			200			99
0.8855			200			99
0.8761			200			99
0.8512			200			99
0.8566			200			99
0.8611			200			99
0.8452			200			99
0.9267			200			99
0.8638			200			99
1.0972			200			99
0.8542			200			99
0.8469			200			99
0.8513			200			99
0.8979			200			99
0.8476			200			99
1.3932			300			99
1.4289			300			99
1.5712			300			99
1.4114			300			99
1.4276			300			99
1.4348			300			99
1.452			300			99
1.4155			300			99
1.362			300			99
1.4007			300			99
1.4088			300			99
1.3748			300			99
1.391			300			99
1.4086			300			99
1.3774			300			99
1.3868			300			99
1.4634			300			99
1.3916			300			99
1.4334			300			99
1.3423			300			99
1.3917			300			99
1.4109			300			99
1.4118			300			99
1.3637			300			99
1.3564			300			99
1.7747			300			99
1.3612			300			99
1.3623			300			99
1.4314			300			99
1.4104			300			99
1.4407			300			99
1.4008			300			99
1.4252			300			99
1.3675			300			99
1.4191			300			99
1.4697			300			99
1.4546			300			99
1.3774			300			99
1.4253			300			99
1.3981			300			99
1.4387			300			99
1.3677			300			99
1.4442			300			99
1.4861			300			99
1.4068			300			99
1.4405			300			99
1.3536			300			99
1.338			300			99
1.3904			300			99
1.8957			300			99
2.0207			400			99
2.0596			400			99
2.0019			400			99
1.9306			400			99
1.9841			400			99
1.962			400			99
2.022			400			99
1.9504			400			99
2.0315			400			99
2.1007			400			99
2.0887			400			99
2.0568			400			99
1.9065			400			99
1.9641			400			99
2.0349			400			99
1.9619			400			99
2.1493			400			99
1.9621			400			99
2.0765			400			99
1.9616			400			99
1.9483			400			99
2.0123			400			99
1.9773			400			99
1.9352			400			99
2.0016			400			99
1.9249			400			99
1.9954			400			99
1.9764			400			99
1.9377			400			99
2.0378			400			99
2.022			400			99
2.0022			400			99
2.0315			400			99
2.0409			400			99
2.026			400			99
2.0307			400			99
2.0203			400			99
2.053			400			99
1.9807			400			99
2.0351			400			99
2.0481			400			99
2.0783			400			99
2.0113			400			99
1.9873			400			99
2.0485			400			99
1.9867			400			99
2.066			400			99
2.0169			400			99
2.0409			400			99
2.1021			400			99
2.7086			500			99
2.6878			500			99
2.944			500			99
2.7353			500			99
2.5809			500			99
3.4578			500			99
2.6604			500			99
2.6548			500			99
2.7142			500			99
2.6069			500			99
2.5946			500			99
2.6753			500			99
2.7726			500			99
2.6138			500			99
3.1185			500			99
2.7012			500			99
2.7656			500			99
2.6926			500			99
2.7666			500			99
2.5743			500			99
2.692			500			99
2.7427			500			99
2.6321			500			99
2.6245			500			99
2.7145			500			99
2.7657			500			99
2.6431			500			99
2.5668			500			99
2.7777			500			99
2.6959			500			99
2.6909			500			99
2.5616			500			99
2.5836			500			99
2.6889			500			99
2.7347			500			99
2.6525			500			99
2.7118			500			99
2.6935			500			99
2.6577			500			99
2.6029			500			99
2.6118			500			99
2.6877			500			99
2.7901			500			99
2.5509			500			99
2.6758			500			99
2.693			500			99
2.6567			500			99
2.6905			500			99
2.7907			500			99
2.7234			500			99
3.5166			600			99
3.4003			600			99
3.2921			600			99
3.3785			600			99
3.3047			600			99
3.3433			600			99
3.4024			600			99
3.3539			600			99
3.3338			600			99
3.3408			600			99
3.4709			600			99
3.2645			600			99
3.3752			600			99
3.3092			600			99
3.294			600			99
3.3625			600			99
3.2665			600			99
3.257			600			99
3.3975			600			99
3.2967			600			99
3.5049			600			99
3.3214			600			99
3.503			600			99
3.604			600			99
3.2899			600			99
3.4033			600			99
3.2822			600			99
3.4011			600			99
3.2961			600			99
3.4234			600			99
3.3616			600			99
3.3666			600			99
3.4834			600			99
3.277			600			99
3.4292			600			99
3.3722			600			99
3.4313			600			99
3.4584			600			99
3.3561			600			99
3.254			600			99
3.4322			600			99
3.4784			600			99
3.3427			600			99
3.4521			600			99
3.3997			600			99
3.3031			600			99
3.4649			600			99
3.3354			600			99
3.4327			600			99
3.3086			600			99
4.0936			700			99
4.2169			700			99
4.083			700			99
4.2813			700			99
4.2588			700			99
4.1989			700			99
4.0942			700			99
4.0191			700			99
4.0816			700			99
4.1469			700			99
4.0345			700			99
4.0338			700			99
4.3818			700			99
4.123			700			99
4.1155			700			99
4.1325			700			99
4.2434			700			99
4.2263			700			99
4.1328			700			99
4.35			700			99
4.2676			700			99
4.2491			700			99
4.2409			700			99
4.2384			700			99
4.2845			700			99
4.3478			700			99
4.2805			700			99
4.2081			700			99
4.1344			700			99
4.2253			700			99
4.419			700			99
4.2557			700			99
4.1548			700			99
4.0645			700			99
4.2507			700			99
4.1015			700			99
4.0837			700			99
4.2599			700			99
4.2309			700			99
4.1172			700			99
4.0558			700			99
4.0565			700			99
4.3839			700			99
4.0997			700			99
4.0425			700			99
4.0386			700			99
4.1985			700			99
4.13			700			99
4.1369			700			99
4.6495			700			99
