0.0316			10			20
0.0781			10			20
0.0291			10			20
0.0257			10			20
0.0279			10			20
0.0268			10			20
0.0303			10			20
0.0254			10			20
0.0279			10			20
0.0259			10			20
0.0295			10			20
0.0295			10			20
0.0276			10			20
0.0265			10			20
0.0279			10			20
0.0304			10			20
0.0289			10			20
0.026			10			20
0.0264			10			20
0.0251			10			20
0.0297			10			20
0.0256			10			20
0.0271			10			20
0.0262			10			20
0.0303			10			20
0.0295			10			20
0.0257			10			20
0.0302			10			20
0.026			10			20
0.0305			10			20
0.0253			10			20
0.0302			10			20
0.0581			10			20
0.0308			10			20
0.029			10			20
0.0301			10			20
0.026			10			20
0.0301			10			20
0.0292			10			20
0.0276			10			20
0.0255			10			20
0.026			10			20
0.031			10			20
0.0293			10			20
0.0263			10			20
0.0254			10			20
0.0311			10			20
0.0303			10			20
0.0301			10			20
0.026			10			20
0.0897			20			20
0.0901			20			20
0.0906			20			20
0.091			20			20
0.091			20			20
0.0924			20			20
0.0923			20			20
0.0909			20			20
0.0911			20			20
0.0907			20			20
0.0912			20			20
0.1451			20			20
0.0909			20			20
0.0944			20			20
0.091			20			20
0.0916			20			20
0.0907			20			20
0.0909			20			20
0.0908			20			20
0.0906			20			20
0.0909			20			20
0.092			20			20
0.0896			20			20
0.0909			20			20
0.0907			20			20
0.0911			20			20
0.0927			20			20
0.0919			20			20
0.0904			20			20
0.0914			20			20
0.1406			20			20
0.0911			20			20
0.0909			20			20
0.0917			20			20
0.0935			20			20
0.0927			20			20
0.0904			20			20
0.0909			20			20
0.0906			20			20
0.0892			20			20
0.0912			20			20
0.0931			20			20
0.091			20			20
0.0919			20			20
0.0936			20			20
0.0913			20			20
0.0915			20			20
0.0942			20			20
0.0902			20			20
0.0936			20			20
0.1916			30			20
0.193			30			20
0.1905			30			20
0.1909			30			20
0.1934			30			20
0.1912			30			20
0.1924			30			20
0.1913			30			20
0.1949			30			20
0.1911			30			20
0.1932			30			20
0.1927			30			20
0.1919			30			20
0.1908			30			20
0.1914			30			20
0.1939			30			20
0.1922			30			20
0.1916			30			20
0.1903			30			20
0.1929			30			20
0.1917			30			20
0.1916			30			20
0.1939			30			20
0.1919			30			20
0.1911			30			20
0.1907			30			20
0.1928			30			20
0.1916			30			20
0.1926			30			20
0.1922			30			20
0.1925			30			20
0.1911			30			20
0.1926			30			20
0.1909			30			20
0.1913			30			20
0.1927			30			20
0.1928			30			20
0.192			30			20
0.1945			30			20
0.1919			30			20
0.1936			30			20
0.1914			30			20
0.1937			30			20
0.1906			30			20
0.1944			30			20
0.1909			30			20
0.1918			30			20
0.1928			30			20
0.1934			30			20
0.1911			30			20
0.3324			40			20
0.4518			40			20
0.3295			40			20
0.3311			40			20
0.3322			40			20
0.496			40			20
0.3316			40			20
0.3322			40			20
0.3295			40			20
0.3315			40			20
0.3295			40			20
0.3305			40			20
0.3291			40			20
0.3364			40			20
0.3297			40			20
0.3308			40			20
0.3319			40			20
0.3304			40			20
0.3301			40			20
0.3328			40			20
0.3331			40			20
0.3323			40			20
0.3395			40			20
0.3314			40			20
0.3329			40			20
0.3308			40			20
0.4888			40			20
0.4548			40			20
0.3327			40			20
0.3315			40			20
0.3306			40			20
0.3344			40			20
0.3325			40			20
0.3347			40			20
0.3303			40			20
0.3284			40			20
0.3306			40			20
0.3301			40			20
0.332			40			20
0.3312			40			20
0.332			40			20
0.3317			40			20
0.3297			40			20
0.3393			40			20
0.3462			40			20
0.331			40			20
0.33			40			20
0.3324			40			20
0.3304			40			20
0.33			40			20
0.5415			50			20
0.5155			50			20
0.5236			50			20
0.5168			50			20
0.6284			50			20
1.4068			50			20
0.5149			50			20
0.514			50			20
0.5137			50			20
0.5337			50			20
0.5133			50			20
0.5166			50			20
0.512			50			20
0.5169			50			20
0.5157			50			20
0.5142			50			20
0.5159			50			20
0.5145			50			20
0.5158			50			20
0.5166			50			20
0.5172			50			20
0.5177			50			20
0.6355			50			20
0.514			50			20
0.5153			50			20
0.5219			50			20
0.5148			50			20
0.5157			50			20
0.5961			50			20
0.516			50			20
0.5155			50			20
0.5142			50			20
0.5471			50			20
0.5141			50			20
0.5127			50			20
0.9602			50			20
0.517			50			20
0.516			50			20
0.514			50			20
0.5183			50			20
0.519			50			20
0.5166			50			20
0.5257			50			20
0.5153			50			20
0.5333			50			20
0.517			50			20
0.5128			50			20
0.514			50			20
0.5158			50			20
0.5156			50			20
0.7393			60			20
0.7402			60			20
0.7394			60			20
0.8891			60			20
0.7403			60			20
0.739			60			20
0.7397			60			20
0.7394			60			20
0.7411			60			20
0.742			60			20
0.7947			60			20
0.743			60			20
0.7374			60			20
0.7392			60			20
0.7421			60			20
0.74			60			20
0.7436			60			20
0.7447			60			20
0.7373			60			20
0.7381			60			20
0.7397			60			20
0.7397			60			20
0.7425			60			20
0.7496			60			20
0.7406			60			20
0.743			60			20
0.7395			60			20
0.75			60			20
0.7421			60			20
0.7392			60			20
0.8536			60			20
0.742			60			20
0.7417			60			20
0.7393			60			20
0.7415			60			20
0.7426			60			20
0.7425			60			20
0.7409			60			20
0.7874			60			20
0.743			60			20
0.7391			60			20
0.7402			60			20
0.7398			60			20
0.8484			60			20
0.7433			60			20
0.7388			60			20
0.7406			60			20
0.7386			60			20
0.7895			60			20
0.7411			60			20
1.0217			70			20
1.0155			70			20
1.0081			70			20
1.0105			70			20
1.0102			70			20
1.0139			70			20
1.0178			70			20
1.1161			70			20
1.0078			70			20
1.0089			70			20
1.0111			70			20
1.0098			70			20
1.0102			70			20
1.0962			70			20
1.1829			70			20
1.0164			70			20
1.0106			70			20
1.0107			70			20
1.0118			70			20
1.0307			70			20
1.4718			70			20
1.0096			70			20
1.0856			70			20
1.0093			70			20
1.014			70			20
1.0267			70			20
1.0274			70			20
1.0336			70			20
1.2377			70			20
1.0077			70			20
1.0795			70			20
1.0104			70			20
1.0141			70			20
1.0097			70			20
1.0085			70			20
1.0209			70			20
1.0145			70			20
1.0085			70			20
1.1311			70			20
1.0071			70			20
1.0455			70			20
1.0092			70			20
1.0067			70			20
1.18			70			20
1.0091			70			20
1.1101			70			20
1.0148			70			20
1.0085			70			20
1.1943			70			20
1.0076			70			20
0.0667			10			60
0.0606			10			60
0.066			10			60
0.0655			10			60
0.0615			10			60
0.0629			10			60
0.06			10			60
0.0666			10			60
0.0625			10			60
0.0646			10			60
0.0614			10			60
0.0659			10			60
0.0608			10			60
0.0641			10			60
0.0602			10			60
0.1388			10			60
0.0655			10			60
0.0623			10			60
0.0617			10			60
0.0632			10			60
0.0676			10			60
0.0955			10			60
0.0616			10			60
0.0662			10			60
0.0636			10			60
0.0663			10			60
0.0608			10			60
0.0665			10			60
0.0597			10			60
0.0666			10			60
0.0622			10			60
0.0641			10			60
0.0598			10			60
0.0633			10			60
0.0657			10			60
0.0651			10			60
0.0673			10			60
0.0649			10			60
0.067			10			60
0.0646			10			60
0.0611			10			60
0.0601			10			60
0.0629			10			60
0.0672			10			60
0.0657			10			60
0.063			10			60
0.0619			10			60
0.0666			10			60
0.0649			10			60
0.0618			10			60
0.2375			20			60
0.2404			20			60
0.2395			20			60
0.2397			20			60
0.2506			20			60
0.2416			20			60
0.2622			20			60
0.2403			20			60
0.2437			20			60
0.2407			20			60
0.2411			20			60
0.2399			20			60
0.2398			20			60
0.238			20			60
0.24			20			60
0.2397			20			60
0.2399			20			60
0.2395			20			60
0.2749			20			60
0.2402			20			60
0.2395			20			60
0.2408			20			60
0.2387			20			60
0.2409			20			60
0.2381			20			60
0.2411			20			60
0.2393			20			60
0.2394			20			60
0.2385			20			60
0.2399			20			60
0.2393			20			60
0.2406			20			60
0.2952			20			60
0.2385			20			60
0.2418			20			60
0.2403			20			60
0.2413			20			60
0.2389			20			60
0.2388			20			60
0.2386			20			60
0.2388			20			60
0.2409			20			60
0.2389			20			60
0.2389			20			60
0.2416			20			60
0.2409			20			60
0.2397			20			60
0.2412			20			60
0.2404			20			60
0.2408			20			60
0.5412			30			60
0.5328			30			60
0.5338			30			60
0.5343			30			60
0.5379			30			60
0.5347			30			60
0.5331			30			60
0.5336			30			60
0.5357			30			60
0.5361			30			60
0.5334			30			60
0.5346			30			60
0.5341			30			60
0.5361			30			60
0.5344			30			60
0.5466			30			60
0.5346			30			60
0.5345			30			60
0.5357			30			60
0.6625			30			60
0.5347			30			60
0.6139			30			60
0.5324			30			60
0.5318			30			60
0.5355			30			60
0.6554			30			60
0.535			30			60
0.5372			30			60
0.5355			30			60
0.5735			30			60
0.5396			30			60
0.5355			30			60
0.5338			30			60
0.5381			30			60
0.536			30			60
0.5344			30			60
0.5788			30			60
0.537			30			60
0.5358			30			60
0.5339			30			60
0.5334			30			60
0.5346			30			60
0.5354			30			60
0.5344			30			60
0.5356			30			60
0.5378			30			60
0.6289			30			60
0.5362			30			60
0.5352			30			60
0.5336			30			60
1.0116			40			60
0.9586			40			60
0.959			40			60
1.0673			40			60
0.9559			40			60
0.9567			40			60
0.9663			40			60
0.9562			40			60
0.9574			40			60
1.0259			40			60
0.9537			40			60
0.954			40			60
0.956			40			60
0.9555			40			60
0.9562			40			60
0.9555			40			60
0.9877			40			60
0.97			40			60
0.9583			40			60
0.9531			40			60
0.9563			40			60
0.9589			40			60
0.9565			40			60
1.0417			40			60
0.9579			40			60
0.9573			40			60
0.956			40			60
0.9554			40			60
0.9593			40			60
1.1146			40			60
0.955			40			60
0.9596			40			60
0.9578			40			60
0.9596			40			60
0.9574			40			60
0.9626			40			60
0.9563			40			60
0.9554			40			60
0.9569			40			60
0.956			40			60
0.9555			40			60
0.9575			40			60
0.9561			40			60
0.9547			40			60
0.9587			40			60
0.9613			40			60
0.9533			40			60
0.9557			40			60
0.9571			40			60
0.9553			40			60
1.571			50			60
1.5115			50			60
1.5104			50			60
1.5094			50			60
1.5092			50			60
1.5053			50			60
1.5759			50			60
1.6215			50			60
1.5081			50			60
1.5095			50			60
1.5053			50			60
1.5367			50			60
1.5064			50			60
1.5031			50			60
1.5116			50			60
1.5055			50			60
1.5123			50			60
1.5213			50			60
1.5094			50			60
1.5065			50			60
1.5147			50			60
1.578			50			60
1.5055			50			60
1.5059			50			60
1.9014			50			60
1.6122			50			60
1.5082			50			60
1.5178			50			60
1.5105			50			60
1.5218			50			60
1.5125			50			60
1.5092			50			60
1.506			50			60
1.5056			50			60
1.5037			50			60
1.6059			50			60
1.5091			50			60
1.5126			50			60
1.5078			50			60
1.5102			50			60
1.5094			50			60
1.5067			50			60
1.5066			50			60
1.6274			50			60
1.5089			50			60
1.5059			50			60
1.5078			50			60
1.9039			50			60
1.509			50			60
1.5101			50			60
2.186			60			60
2.1911			60			60
2.2022			60			60
2.3322			60			60
2.1859			60			60
2.1877			60			60
2.2942			60			60
2.1975			60			60
2.1861			60			60
2.1817			60			60
2.3494			60			60
2.1855			60			60
2.1918			60			60
2.184			60			60
2.1855			60			60
2.1911			60			60
2.1848			60			60
2.1924			60			60
2.1827			60			60
2.2008			60			60
2.2926			60			60
2.3548			60			60
2.1912			60			60
2.2579			60			60
2.1978			60			60
2.1974			60			60
2.2997			60			60
2.1828			60			60
2.2015			60			60
2.1846			60			60
2.1993			60			60
2.1899			60			60
2.2593			60			60
2.3456			60			60
2.1867			60			60
2.3916			60			60
2.1888			60			60
2.1875			60			60
2.1838			60			60
2.1864			60			60
2.1866			60			60
2.1892			60			60
2.2079			60			60
2.1876			60			60
2.1864			60			60
2.2895			60			60
2.1931			60			60
2.2005			60			60
2.1853			60			60
2.1879			60			60
3.0151			70			60
3.0063			70			60
3.2607			70			60
3.0117			70			60
3.0083			70			60
2.9996			70			60
3.0008			70			60
3.0045			70			60
3.1184			70			60
3.0458			70			60
3.0025			70			60
3.121			70			60
3.0251			70			60
3.0863			70			60
3.0065			70			60
3.0066			70			60
3.0046			70			60
3.0169			70			60
3.1363			70			60
3.1522			70			60
3.009			70			60
3.005			70			60
3.0711			70			60
3.1428			70			60
3.1079			70			60
3.0098			70			60
3.0438			70			60
3.0183			70			60
3.1963			70			60
3.1093			70			60
3.0853			70			60
3.0832			70			60
3.007			70			60
3.1934			70			60
3.0513			70			60
3.0146			70			60
3.0048			70			60
3.0026			70			60
3.1106			70			60
3.0026			70			60
3.0034			70			60
3.0001			70			60
2.998			70			60
3.0338			70			60
3.0075			70			60
3.0044			70			60
3.0194			70			60
3.0061			70			60
3.1196			70			60
3.0518			70			60
0.1016			10			99
0.1034			10			99
0.0984			10			99
0.0974			10			99
0.0929			10			99
0.0933			10			99
0.0983			10			99
0.0939			10			99
0.0932			10			99
0.096			10			99
0.1012			10			99
0.0972			10			99
0.0936			10			99
0.095			10			99
0.0928			10			99
0.0987			10			99
0.0925			10			99
0.0979			10			99
0.0925			10			99
0.0916			10			99
0.0985			10			99
0.0926			10			99
0.0955			10			99
0.092			10			99
0.0982			10			99
0.094			10			99
0.096			10			99
0.0923			10			99
0.0989			10			99
0.0975			10			99
0.0956			10			99
0.0926			10			99
0.0939			10			99
0.1422			10			99
0.0989			10			99
0.0949			10			99
0.0934			10			99
0.0968			10			99
0.0966			10			99
0.0955			10			99
0.0941			10			99
0.0928			10			99
0.099			10			99
0.093			10			99
0.0971			10			99
0.0935			10			99
0.0976			10			99
0.0972			10			99
0.1006			10			99
0.1582			10			99
0.378			20			99
0.3816			20			99
0.3857			20			99
0.4513			20			99
0.3824			20			99
0.3834			20			99
0.3815			20			99
0.3832			20			99
0.3824			20			99
0.3849			20			99
0.3846			20			99
0.3829			20			99
0.384			20			99
0.4439			20			99
0.3818			20			99
0.3839			20			99
0.4858			20			99
0.3834			20			99
0.3874			20			99
0.3809			20			99
0.382			20			99
0.3803			20			99
0.3823			20			99
0.3826			20			99
0.3806			20			99
0.3841			20			99
0.4444			20			99
0.3849			20			99
0.3821			20			99
0.3831			20			99
0.3823			20			99
0.3809			20			99
0.3837			20			99
0.3837			20			99
0.3859			20			99
0.383			20			99
0.3812			20			99
0.3836			20			99
0.3848			20			99
0.3829			20			99
0.3883			20			99
0.3834			20			99
0.3827			20			99
0.3833			20			99
0.3877			20			99
0.3828			20			99
0.3827			20			99
0.3816			20			99
0.4123			20			99
0.381			20			99
0.8686			30			99
0.867			30			99
0.8704			30			99
0.9138			30			99
0.868			30			99
0.8717			30			99
0.8689			30			99
0.8675			30			99
0.8659			30			99
0.8816			30			99
0.866			30			99
0.9457			30			99
0.8644			30			99
0.8699			30			99
0.8717			30			99
0.9722			30			99
0.8742			30			99
0.871			30			99
0.8682			30			99
0.8758			30			99
0.9181			30			99
0.8695			30			99
0.8687			30			99
0.8758			30			99
0.8661			30			99
0.8672			30			99
0.892			30			99
0.9865			30			99
0.8666			30			99
0.8723			30			99
0.8696			30			99
0.8675			30			99
0.8674			30			99
0.863			30			99
0.8699			30			99
0.8716			30			99
0.8799			30			99
0.8653			30			99
0.8674			30			99
0.8692			30			99
0.8662			30			99
0.8708			30			99
0.8679			30			99
0.8825			30			99
0.8679			30			99
0.8678			30			99
0.8662			30			99
0.8698			30			99
0.8652			30			99
0.8696			30			99
1.5869			40			99
1.5636			40			99
1.5621			40			99
1.5629			40			99
1.6604			40			99
1.5607			40			99
1.564			40			99
1.5729			40			99
1.5643			40			99
1.5576			40			99
1.5707			40			99
1.5639			40			99
1.6399			40			99
1.6314			40			99
1.5639			40			99
1.5631			40			99
1.5631			40			99
1.5603			40			99
1.5649			40			99
1.5933			40			99
1.5985			40			99
1.5747			40			99
1.6622			40			99
1.681			40			99
1.5652			40			99
1.5704			40			99
1.5648			40			99
1.5747			40			99
1.5683			40			99
1.5629			40			99
1.5878			40			99
1.6643			40			99
1.5843			40			99
1.5891			40			99
1.5621			40			99
1.5627			40			99
1.565			40			99
1.5728			40			99
1.5633			40			99
1.5645			40			99
1.5749			40			99
1.5733			40			99
1.5599			40			99
1.5646			40			99
1.5631			40			99
1.5679			40			99
1.6714			40			99
1.5634			40			99
1.5805			40			99
1.5648			40			99
2.5072			50			99
2.4758			50			99
2.4768			50			99
2.5671			50			99
2.4755			50			99
2.4764			50			99
2.4708			50			99
2.476			50			99
2.5185			50			99
2.4845			50			99
2.4769			50			99
2.6405			50			99
2.4762			50			99
2.6516			50			99
2.4985			50			99
2.4753			50			99
2.4721			50			99
2.5464			50			99
2.5043			50			99
2.4756			50			99
2.4758			50			99
2.4733			50			99
2.472			50			99
2.4796			50			99
2.5398			50			99
2.4996			50			99
2.4775			50			99
2.4866			50			99
2.6671			50			99
2.4733			50			99
2.4737			50			99
2.4729			50			99
2.4774			50			99
2.7802			50			99
2.5714			50			99
2.4709			50			99
2.5422			50			99
2.476			50			99
3.3565			50			99
2.4762			50			99
2.5261			50			99
2.4758			50			99
2.4765			50			99
2.4792			50			99
2.572			50			99
2.4754			50			99
2.698			50			99
2.4723			50			99
2.4738			50			99
2.6078			50			99
3.5984			60			99
3.5967			60			99
4.1812			60			99
3.6126			60			99
3.599			60			99
3.6079			60			99
3.716			60			99
3.603			60			99
3.7166			60			99
3.7639			60			99
3.6159			60			99
4.3417			60			99
3.709			60			99
3.6849			60			99
3.6055			60			99
3.6135			60			99
3.6011			60			99
3.6972			60			99
3.6982			60			99
3.6873			60			99
3.7344			60			99
3.6843			60			99
3.7003			60			99
3.7416			60			99
3.6532			60			99
3.5947			60			99
3.8565			60			99
3.5972			60			99
3.6899			60			99
3.5977			60			99
3.6075			60			99
3.6182			60			99
3.6016			60			99
3.5976			60			99
3.6506			60			99
3.7828			60			99
3.71			60			99
4.0182			60			99
3.6042			60			99
3.7217			60			99
3.6051			60			99
3.5972			60			99
3.6005			60			99
3.6026			60			99
3.5965			60			99
3.6591			60			99
3.6126			60			99
3.6027			60			99
4.4036			60			99
3.5992			60			99
4.9509			70			99
5.0342			70			99
4.9834			70			99
4.9451			70			99
5.0626			70			99
4.9589			70			99
5.308			70			99
5.0264			70			99
5.4874			70			99
4.9453			70			99
4.9444			70			99
5.2561			70			99
5.0195			70			99
5.0581			70			99
4.9424			70			99
4.9396			70			99
5.6038			70			99
5.3526			70			99
5.212			70			99
4.9443			70			99
5.3787			70			99
4.9737			70			99
4.9558			70			99
4.9459			70			99
4.9595			70			99
5.183			70			99
4.9839			70			99
5.0504			70			99
5.1044			70			99
4.9459			70			99
4.9446			70			99
4.9415			70			99
5.3442			70			99
4.9618			70			99
5.0307			70			99
5.126			70			99
5.1012			70			99
5.0121			70			99
5.0518			70			99
4.9681			70			99
5.4369			70			99
4.9507			70			99
4.9489			70			99
5.0082			70			99
5.0035			70			99
5.1851			70			99
4.9382			70			99
4.938			70			99
5.0593			70			99
5.0021			70			99
