Czas operacji[ms]	V	Gestosc
Czas operacji[ms]	V	Gestosc
0.0298			10			20
0.0323			10			20
0.0298			10			20
0.0298			10			20
0.0306			10			20
0.0296			10			20
0.0293			10			20
0.0285			10			20
0.0381			10			20
0.0275			10			20
0.0403			10			20
0.0294			10			20
0.0316			10			20
0.0251			10			20
0.0434			10			20
0.0294			10			20
0.044			10			20
0.0293			10			20
0.0299			10			20
0.0286			10			20
0.0347			10			20
0.03			10			20
0.0275			10			20
0.0291			10			20
0.0461			10			20
0.0275			10			20
0.029			10			20
0.0291			10			20
0.0305			10			20
0.029			10			20
0.0289			10			20
0.0294			10			20
0.0319			10			20
0.0472			10			20
0.0295			10			20
0.0302			10			20
0.0301			10			20
0.0283			10			20
0.028			10			20
0.0284			10			20
0.029			10			20
0.0454			10			20
0.0286			10			20
0.0296			10			20
0.0306			10			20
0.0299			10			20
0.0297			10			20
0.0304			10			20
0.029			10			20
0.0309			10			20
0.0702			20			20
0.0704			20			20
0.078			20			20
0.062			20			20
0.0791			20			20
0.0699			20			20
0.0734			20			20
0.0675			20			20
0.0625			20			20
0.0613			20			20
0.0668			20			20
0.077			20			20
0.0636			20			20
0.0805			20			20
0.0648			20			20
0.079			20			20
0.0686			20			20
0.0633			20			20
0.1267			20			20
0.0845			20			20
0.0603			20			20
0.0665			20			20
0.0629			20			20
0.0771			20			20
0.0659			20			20
0.0635			20			20
0.0678			20			20
0.0897			20			20
0.0669			20			20
0.0636			20			20
0.067			20			20
0.0926			20			20
0.0658			20			20
0.0639			20			20
0.0677			20			20
0.0683			20			20
0.0668			20			20
0.066			20			20
0.0675			20			20
0.0673			20			20
0.085			20			20
0.0603			20			20
0.0672			20			20
0.0647			20			20
0.0672			20			20
0.0636			20			20
0.0692			20			20
0.0635			20			20
0.0887			20			20
0.0652			20			20
0.1138			30			20
0.1102			30			20
0.0973			30			20
0.115			30			20
0.1194			30			20
0.1216			30			20
0.1129			30			20
0.1182			30			20
0.1275			30			20
0.1049			30			20
0.1112			30			20
0.1183			30			20
0.1054			30			20
0.1165			30			20
0.109			30			20
0.1264			30			20
0.1051			30			20
0.1411			30			20
0.1035			30			20
0.1109			30			20
0.1135			30			20
0.1091			30			20
0.1248			30			20
0.1065			30			20
0.1022			30			20
0.1042			30			20
0.1053			30			20
0.1216			30			20
0.1023			30			20
0.1086			30			20
0.1119			30			20
0.1242			30			20
0.1116			30			20
0.105			30			20
0.1173			30			20
0.1031			30			20
0.1429			30			20
0.1046			30			20
0.1049			30			20
0.1056			30			20
0.1039			30			20
0.1083			30			20
0.1016			30			20
0.1083			30			20
0.1111			30			20
0.1347			30			20
0.1042			30			20
0.121			30			20
0.1086			30			20
0.1073			30			20
0.1692			40			20
0.1693			40			20
0.1561			40			20
0.1504			40			20
0.171			40			20
0.1585			40			20
0.1759			40			20
0.1669			40			20
0.1541			40			20
0.2691			40			20
0.1911			40			20
0.1584			40			20
0.1598			40			20
0.1514			40			20
0.1523			40			20
0.1569			40			20
0.1564			40			20
0.1663			40			20
0.1618			40			20
0.1551			40			20
0.1657			40			20
0.1575			40			20
0.1523			40			20
0.1853			40			20
0.1437			40			20
0.1575			40			20
0.2129			40			20
0.1588			40			20
0.1497			40			20
0.1931			40			20
0.156			40			20
0.1533			40			20
0.1578			40			20
0.2438			40			20
0.1666			40			20
0.1764			40			20
0.1513			40			20
0.1519			40			20
0.1517			40			20
0.1477			40			20
0.1544			40			20
0.1856			40			20
0.1455			40			20
0.1586			40			20
0.1509			40			20
0.1602			40			20
0.1608			40			20
0.1567			40			20
0.1908			40			20
0.1518			40			20
0.2239			50			20
0.2255			50			20
0.2287			50			20
0.2188			50			20
0.2147			50			20
0.216			50			20
0.2261			50			20
0.2301			50			20
0.2968			50			20
0.2402			50			20
0.2027			50			20
0.2161			50			20
0.2124			50			20
0.2202			50			20
0.2087			50			20
0.236			50			20
0.2072			50			20
0.2383			50			20
0.1988			50			20
0.2144			50			20
0.1895			50			20
0.1933			50			20
0.2584			50			20
0.2173			50			20
0.2809			50			20
0.2067			50			20
0.2382			50			20
0.1958			50			20
0.205			50			20
0.1906			50			20
0.2528			50			20
0.2038			50			20
0.2376			50			20
0.187			50			20
0.2538			50			20
0.2007			50			20
0.2087			50			20
0.207			50			20
0.1982			50			20
0.1849			50			20
0.2039			50			20
0.2037			50			20
0.2543			50			20
0.2578			50			20
0.2326			50			20
0.2023			50			20
0.1967			50			20
0.2184			50			20
0.3265			50			20
0.2083			50			20
0.3074			60			20
0.2846			60			20
0.2653			60			20
0.2754			60			20
0.2667			60			20
0.265			60			20
0.2763			60			20
0.2819			60			20
0.2591			60			20
0.2747			60			20
0.2473			60			20
0.2679			60			20
0.3022			60			20
0.252			60			20
0.2573			60			20
0.2909			60			20
0.2656			60			20
0.2463			60			20
0.2463			60			20
0.2973			60			20
0.2607			60			20
0.2429			60			20
0.2744			60			20
0.2644			60			20
0.2699			60			20
0.3105			60			20
0.2516			60			20
0.2567			60			20
0.2805			60			20
0.2707			60			20
0.2546			60			20
0.271			60			20
0.267			60			20
0.256			60			20
0.2526			60			20
0.262			60			20
0.2493			60			20
0.268			60			20
0.3137			60			20
0.2656			60			20
0.244			60			20
0.2401			60			20
0.2597			60			20
0.2605			60			20
0.3307			60			20
0.253			60			20
0.2506			60			20
0.2625			60			20
0.2658			60			20
0.2703			60			20
0.3257			70			20
0.3315			70			20
0.3178			70			20
0.3497			70			20
0.3124			70			20
0.328			70			20
0.3281			70			20
0.3292			70			20
0.3435			70			20
0.3123			70			20
0.2968			70			20
0.3335			70			20
0.3074			70			20
0.3526			70			20
0.3415			70			20
0.3231			70			20
0.312			70			20
0.305			70			20
0.3471			70			20
0.3068			70			20
0.3495			70			20
0.3049			70			20
0.3129			70			20
0.3067			70			20
0.3059			70			20
0.3554			70			20
0.3172			70			20
0.3205			70			20
0.3131			70			20
0.3113			70			20
0.3634			70			20
0.314			70			20
0.3111			70			20
0.2958			70			20
0.328			70			20
0.3606			70			20
0.3021			70			20
0.3244			70			20
0.3433			70			20
0.2964			70			20
0.4139			70			20
0.3036			70			20
0.3101			70			20
0.308			70			20
0.3207			70			20
0.3042			70			20
0.3267			70			20
0.3628			70			20
0.3138			70			20
0.4134			70			20
0.0507			10			60
0.0326			10			60
0.0413			10			60
0.0344			10			60
0.0415			10			60
0.0317			10			60
0.0401			10			60
0.0322			10			60
0.0543			10			60
0.0399			10			60
0.0431			10			60
0.0305			10			60
0.0411			10			60
0.039			10			60
0.0379			10			60
0.0343			10			60
0.0343			10			60
0.0508			10			60
0.0439			10			60
0.0334			10			60
0.0376			10			60
0.0364			10			60
0.0329			10			60
0.0391			10			60
0.0364			10			60
0.0584			10			60
0.0328			10			60
0.0359			10			60
0.0368			10			60
0.0383			10			60
0.0355			10			60
0.0374			10			60
0.0392			10			60
0.038			10			60
0.0374			10			60
0.0476			10			60
0.0376			10			60
0.0377			10			60
0.0368			10			60
0.0418			10			60
0.0353			10			60
0.0424			10			60
0.0357			10			60
0.0368			10			60
0.0317			10			60
0.0364			10			60
0.034			10			60
0.0368			10			60
0.0413			10			60
0.0354			10			60
0.0813			20			60
0.0724			20			60
0.0889			20			60
0.0837			20			60
0.0866			20			60
0.1073			20			60
0.0803			20			60
0.0847			20			60
0.0895			20			60
0.0853			20			60
0.0771			20			60
0.083			20			60
0.0808			20			60
0.1111			20			60
0.0792			20			60
0.0875			20			60
0.1194			20			60
0.0856			20			60
0.0932			20			60
0.0824			20			60
0.0906			20			60
0.0803			20			60
0.08			20			60
0.0962			20			60
0.0881			20			60
0.0803			20			60
0.0827			20			60
0.0901			20			60
0.0873			20			60
0.0816			20			60
0.1153			20			60
0.0836			20			60
0.0815			20			60
0.0835			20			60
0.2799			20			60
0.077			20			60
0.0863			20			60
0.0823			20			60
0.0792			20			60
0.0861			20			60
0.0819			20			60
0.0832			20			60
0.0883			20			60
0.0845			20			60
0.0882			20			60
0.0852			20			60
0.0872			20			60
0.1132			20			60
0.0841			20			60
0.0829			20			60
0.1287			30			60
0.1295			30			60
0.153			30			60
0.1298			30			60
0.1678			30			60
0.1384			30			60
0.1422			30			60
0.124			30			60
0.1358			30			60
0.1332			30			60
0.1463			30			60
0.1336			30			60
0.1277			30			60
0.168			30			60
0.1248			30			60
0.1277			30			60
0.1445			30			60
0.1256			30			60
0.1287			30			60
0.1295			30			60
0.1382			30			60
0.1319			30			60
0.1357			30			60
0.1346			30			60
0.1327			30			60
0.1382			30			60
0.1268			30			60
0.1278			30			60
0.2513			30			60
0.1299			30			60
0.1375			30			60
0.1537			30			60
0.1262			30			60
0.1394			30			60
0.1322			30			60
0.1349			30			60
0.1376			30			60
0.1379			30			60
0.1284			30			60
0.1294			30			60
0.1431			30			60
0.1811			30			60
0.1453			30			60
0.1248			30			60
0.1341			30			60
0.1266			30			60
0.142			30			60
0.1317			30			60
0.1364			30			60
0.1327			30			60
0.1723			40			60
0.192			40			60
0.1773			40			60
0.2327			40			60
0.1775			40			60
0.1748			40			60
0.1841			40			60
0.1788			40			60
0.1897			40			60
0.1866			40			60
0.1821			40			60
0.1856			40			60
0.1815			40			60
0.2			40			60
0.1885			40			60
0.3255			40			60
0.1846			40			60
0.1923			40			60
0.1947			40			60
0.1806			40			60
0.1855			40			60
0.1827			40			60
0.1769			40			60
0.194			40			60
0.1724			40			60
0.1759			40			60
0.1756			40			60
0.1756			40			60
0.2234			40			60
0.1891			40			60
0.1808			40			60
0.1787			40			60
0.1763			40			60
0.1805			40			60
0.1751			40			60
0.1885			40			60
0.1794			40			60
0.1729			40			60
0.1776			40			60
0.1775			40			60
0.2448			40			60
0.1828			40			60
0.2535			40			60
0.1676			40			60
0.1895			40			60
0.1712			40			60
0.1751			40			60
0.1782			40			60
0.2017			40			60
0.1829			40			60
0.2492			50			60
0.2864			50			60
0.2264			50			60
0.2348			50			60
0.2376			50			60
0.2282			50			60
0.2352			50			60
0.25			50			60
0.2349			50			60
0.2292			50			60
0.2796			50			60
0.2262			50			60
0.2361			50			60
0.2332			50			60
0.2329			50			60
0.2338			50			60
0.2362			50			60
0.2384			50			60
0.3228			50			60
0.2533			50			60
0.2378			50			60
0.2557			50			60
0.2294			50			60
0.402			50			60
0.2586			50			60
0.2421			50			60
0.2323			50			60
0.2341			50			60
0.2287			50			60
0.2306			50			60
0.2252			50			60
0.2273			50			60
0.2361			50			60
0.2392			50			60
0.2519			50			60
0.3238			50			60
0.2433			50			60
0.2208			50			60
0.2334			50			60
0.2321			50			60
0.2583			50			60
0.2388			50			60
0.2242			50			60
0.2366			50			60
0.2397			50			60
0.2227			50			60
0.2325			50			60
0.2243			50			60
0.2537			50			60
0.2354			50			60
0.3931			60			60
0.2885			60			60
0.267			60			60
0.2971			60			60
0.2912			60			60
0.2881			60			60
0.282			60			60
0.2933			60			60
0.2792			60			60
0.2873			60			60
0.291			60			60
0.2996			60			60
0.2962			60			60
0.4394			60			60
0.2971			60			60
0.2868			60			60
0.2837			60			60
0.2853			60			60
0.282			60			60
0.2792			60			60
0.2801			60			60
0.2941			60			60
0.2929			60			60
0.2808			60			60
0.2907			60			60
0.284			60			60
0.3693			60			60
0.4489			60			60
0.2834			60			60
0.2694			60			60
0.2985			60			60
0.2943			60			60
0.2792			60			60
0.2817			60			60
0.2875			60			60
0.3014			60			60
0.2823			60			60
0.2714			60			60
0.2854			60			60
0.4027			60			60
0.2723			60			60
0.2896			60			60
0.3027			60			60
0.2852			60			60
0.2856			60			60
0.2923			60			60
0.2754			60			60
0.2992			60			60
0.3029			60			60
0.2635			60			60
0.345			70			60
0.3311			70			60
0.3374			70			60
0.3329			70			60
0.3357			70			60
0.3349			70			60
0.3366			70			60
0.4234			70			60
0.3735			70			60
0.452			70			60
0.3378			70			60
0.3484			70			60
0.3641			70			60
0.3338			70			60
0.3462			70			60
0.3221			70			60
0.3292			70			60
0.442			70			60
0.3409			70			60
0.4272			70			60
0.326			70			60
0.3466			70			60
0.3254			70			60
0.3355			70			60
0.3503			70			60
0.3445			70			60
0.3292			70			60
0.3242			70			60
0.3606			70			60
0.4327			70			60
0.3586			70			60
0.358			70			60
0.3374			70			60
0.3403			70			60
0.3986			70			60
0.3598			70			60
0.3476			70			60
0.3432			70			60
0.3609			70			60
0.4817			70			60
0.3338			70			60
0.345			70			60
0.3351			70			60
0.3206			70			60
0.3852			70			60
0.3337			70			60
0.3253			70			60
0.3502			70			60
0.4356			70			60
0.3245			70			60
0.0476			10			99
0.0448			10			99
0.0426			10			99
0.0343			10			99
0.0396			10			99
0.0362			10			99
0.0427			10			99
0.0437			10			99
0.04			10			99
0.0386			10			99
0.066			10			99
0.0428			10			99
0.0397			10			99
0.0401			10			99
0.0374			10			99
0.0465			10			99
0.0418			10			99
0.0404			10			99
0.0465			10			99
0.0424			10			99
0.0371			10			99
0.0356			10			99
0.0433			10			99
0.0385			10			99
0.0432			10			99
0.0368			10			99
0.0446			10			99
0.0615			10			99
0.0464			10			99
0.0301			10			99
0.0393			10			99
0.0418			10			99
0.0373			10			99
0.0436			10			99
0.0401			10			99
0.0423			10			99
0.0411			10			99
0.0432			10			99
0.0391			10			99
0.0427			10			99
0.0338			10			99
0.0406			10			99
0.0384			10			99
0.0424			10			99
0.0657			10			99
0.0407			10			99
0.038			10			99
0.0432			10			99
0.0371			10			99
0.0406			10			99
0.1122			20			99
0.08			20			99
0.0816			20			99
0.0841			20			99
0.0864			20			99
0.0985			20			99
0.0855			20			99
0.0902			20			99
0.0942			20			99
0.0879			20			99
0.0877			20			99
0.0874			20			99
0.1249			20			99
0.0905			20			99
0.0863			20			99
0.0844			20			99
0.0893			20			99
0.0885			20			99
0.0821			20			99
0.0866			20			99
0.0867			20			99
0.088			20			99
0.0927			20			99
0.0899			20			99
0.0958			20			99
0.0871			20			99
0.0861			20			99
0.0838			20			99
0.1037			20			99
0.0828			20			99
0.0895			20			99
0.0975			20			99
0.0881			20			99
0.085			20			99
0.086			20			99
0.091			20			99
0.0877			20			99
0.0812			20			99
0.0863			20			99
0.0851			20			99
0.0859			20			99
0.0864			20			99
0.0867			20			99
0.0835			20			99
0.0968			20			99
0.0864			20			99
0.0817			20			99
0.0851			20			99
0.0804			20			99
0.0899			20			99
0.1307			30			99
0.1239			30			99
0.1194			30			99
0.1322			30			99
0.1297			30			99
0.1299			30			99
0.1244			30			99
0.1295			30			99
0.1371			30			99
0.1952			30			99
0.1235			30			99
0.1442			30			99
0.1356			30			99
0.131			30			99
0.1467			30			99
0.1244			30			99
0.1219			30			99
0.1325			30			99
0.1313			30			99
0.1259			30			99
0.1346			30			99
0.1346			30			99
0.1198			30			99
0.134			30			99
0.1304			30			99
0.1253			30			99
0.1322			30			99
0.1221			30			99
0.1804			30			99
0.1239			30			99
0.1356			30			99
0.1391			30			99
0.1162			30			99
0.1332			30			99
0.1254			30			99
0.1346			30			99
0.1301			30			99
0.1264			30			99
0.1389			30			99
0.1304			30			99
0.1373			30			99
0.1404			30			99
0.1329			30			99
0.1257			30			99
0.1288			30			99
0.1277			30			99
0.2424			30			99
0.1124			30			99
0.1277			30			99
0.117			30			99
0.18			40			99
0.2921			40			99
0.1708			40			99
0.1582			40			99
0.1982			40			99
0.1716			40			99
0.1909			40			99
0.184			40			99
0.1791			40			99
0.1833			40			99
0.1686			40			99
0.1861			40			99
0.1761			40			99
0.1875			40			99
0.1677			40			99
0.1689			40			99
0.1903			40			99
0.1804			40			99
0.1905			40			99
0.1686			40			99
0.1874			40			99
0.1719			40			99
0.1871			40			99
0.1798			40			99
0.1818			40			99
0.1927			40			99
0.257			40			99
0.2801			40			99
0.2108			40			99
0.1685			40			99
0.1814			40			99
0.1743			40			99
0.1758			40			99
0.1769			40			99
0.1758			40			99
0.1648			40			99
0.1689			40			99
0.1853			40			99
0.183			40			99
0.1848			40			99
0.1701			40			99
0.173			40			99
0.1813			40			99
0.1805			40			99
0.1626			40			99
0.1769			40			99
0.1835			40			99
0.1684			40			99
0.1793			40			99
0.1967			40			99
0.2257			50			99
0.2679			50			99
0.3321			50			99
0.2182			50			99
0.2077			50			99
0.2205			50			99
0.227			50			99
0.2078			50			99
0.2117			50			99
0.2216			50			99
0.2159			50			99
0.2219			50			99
0.2188			50			99
0.2236			50			99
0.2172			50			99
0.2389			50			99
0.225			50			99
0.232			50			99
0.2215			50			99
0.3142			50			99
0.2327			50			99
1.1355			50			99
0.226			50			99
0.2189			50			99
0.3383			50			99
0.2505			50			99
0.2241			50			99
0.2326			50			99
0.2198			50			99
0.2308			50			99
0.2204			50			99
0.2284			50			99
0.222			50			99
0.2366			50			99
0.2194			50			99
0.2196			50			99
0.3171			50			99
0.3218			50			99
0.2373			50			99
0.2291			50			99
0.2251			50			99
0.2239			50			99
0.2192			50			99
0.2326			50			99
0.2866			50			99
0.2284			50			99
0.2344			50			99
0.2038			50			99
0.2158			50			99
0.2308			50			99
0.2859			60			99
0.3862			60			99
0.2631			60			99
0.2907			60			99
0.2782			60			99
0.2729			60			99
0.2624			60			99
0.2687			60			99
0.2678			60			99
0.2573			60			99
0.3211			60			99
0.2618			60			99
0.2617			60			99
0.2631			60			99
0.2799			60			99
0.3775			60			99
0.2517			60			99
0.2824			60			99
0.2699			60			99
0.2736			60			99
0.2588			60			99
0.2695			60			99
0.2832			60			99
0.2675			60			99
0.2716			60			99
0.272			60			99
0.2783			60			99
0.2647			60			99
0.3763			60			99
0.2606			60			99
0.2644			60			99
0.2823			60			99
0.2567			60			99
0.2799			60			99
0.2785			60			99
0.3034			60			99
0.268			60			99
0.2655			60			99
0.2462			60			99
0.305			60			99
0.265			60			99
0.3721			60			99
0.2631			60			99
0.2682			60			99
0.2753			60			99
0.2761			60			99
0.2659			60			99
0.2617			60			99
0.2566			60			99
0.2673			60			99
0.4227			70			99
0.2964			70			99
0.3409			70			99
0.3086			70			99
0.3362			70			99
0.3238			70			99
0.2985			70			99
0.325			70			99
0.4197			70			99
0.3279			70			99
0.3237			70			99
0.3215			70			99
0.3198			70			99
0.323			70			99
0.4095			70			99
0.3276			70			99
0.325			70			99
0.312			70			99
0.437			70			99
0.3119			70			99
0.3313			70			99
0.3012			70			99
0.3134			70			99
0.3281			70			99
0.3009			70			99
0.3325			70			99
0.3029			70			99
0.3407			70			99
0.4593			70			99
0.3124			70			99
0.3173			70			99
0.3028			70			99
0.3196			70			99
0.3058			70			99
0.3087			70			99
0.3111			70			99
0.3			70			99
0.3379			70			99
0.4275			70			99
0.3157			70			99
0.3066			70			99
0.3141			70			99
0.3125			70			99
0.3403			70			99
0.3057			70			99
0.3149			70			99
0.3338			70			99
0.4309			70			99
0.3028			70			99
0.3062			70			99
